# Opmerking: door stationsverplaatsingen en veranderingen in waarneemmethodieken zijn deze tijdreeksen van uurwaarden mogelijk inhomogeen! Dat betekent dat deze reeks van gemeten waarden niet geschikt is voor trendanalyse. Voor studies naar klimaatverandering verwijzen we naar de gehomogeniseerde dagreeksen <http://www.knmi.nl/nederland-nu/klimatologie/daggegevens> of de Centraal Nederland Temperatuur <http://www.knmi.nl/kennis-en-datacentrum/achtergrond/centraal-nederland-temperatuur-cnt>.
# 
# SOURCE: ROYAL NETHERLANDS METEOROLOGICAL INSTITUTE (KNMI)
# Comment: These time series are inhomogeneous because of station relocations and changes in observation techniques. As a result these series are not suitable for trend analysis. For climate change studies we refer to the homogenized series of daily data <http://www.knmi.nl/nederland-nu/klimatologie/daggegevens> or the Central Netherlands Temperature <http://www.knmi.nl/kennis-en-datacentrum/achtergrond/centraal-nederland-temperatuur-cnt>.
# 
# STN         LON(east)   LAT(north)  ALT(m)      NAME
# 380         5.762       50.906      114.30      Maastricht  
# FG        : Etmaalgemiddelde windsnelheid (in 0.1 m/s) / Daily mean windspeed (in 0.1 m/s)
# TG        : Etmaalgemiddelde temperatuur (in 0.1 graden Celsius) / Daily mean temperature in (0.1 degrees Celsius)
# TN        : Minimum temperatuur (in 0.1 graden Celsius) / Minimum temperature (in 0.1 degrees Celsius)
# TX        : Maximum temperatuur (in 0.1 graden Celsius) / Maximum temperature (in 0.1 degrees Celsius)
# Q         : Globale straling (in J/cm2) / Global radiation (in J/cm2)
# RH        : Etmaalsom van de neerslag (in 0.1 mm) (-1 voor <0.05 mm) / Daily precipitation amount (in 0.1 mm) (-1 for <0.05 mm)
# UG        : Etmaalgemiddelde relatieve vochtigheid (in procenten) / Daily mean relative atmospheric humidity (in percents)
# EV24      : Referentiegewasverdamping (Makkink) (in 0.1 mm) / Potential evapotranspiration (Makkink) (in 0.1 mm)
# STN,YYYYMMDD,   FG,   TG,   TN,   TX,    Q,   RH,   UG, EV24
  380,20180101,   65,   60,   44,   79,  225,   41,   85,    3
  380,20180102,   60,   62,   47,   86,  169,   28,   87,    2
  380,20180103,   88,   85,   69,  112,   87,  114,   75,    1
  380,20180104,   63,   83,   63,  120,   72,   40,   84,    1
  380,20180105,   57,   76,   46,   95,  212,   16,   84,    3
  380,20180106,   33,   50,   31,   73,  146,   -1,   91,    2
  380,20180107,   81,   29,   16,   48,  169,    2,   86,    2
  380,20180108,   60,   36,   18,   54,  119,    0,   84,    1
  380,20180109,   25,   45,   -1,   75,  166,    0,   89,    2
  380,20180110,   35,   72,   49,   95,  254,   24,   85,    3
  380,20180111,   18,   58,   37,   81,  209,    0,   93,    3
  380,20180112,   14,   45,   10,   60,   82,    0,   97,    1
  380,20180113,   25,   32,   -4,   72,  326,    0,   87,    4
  380,20180114,   30,   30,    0,   64,  458,    0,   82,    5
  380,20180115,   79,   54,   31,   78,  131,   36,   85,    2
  380,20180116,   59,   54,   27,   76,  316,   19,   80,    4
  380,20180117,   60,   30,    4,   44,  246,   50,   83,    3
  380,20180118,   78,   55,   10,  106,  288,   75,   80,    4
  380,20180119,   46,   31,   17,   59,  378,   20,   86,    4
  380,20180120,   36,   21,   13,   34,   96,   65,   94,    1
  380,20180121,   31,   23,   -7,   46,  348,   19,   91,    4
  380,20180122,   35,   69,   28,   89,  208,   13,   91,    3
  380,20180123,   59,   81,   46,  101,  352,    1,   84,    5
  380,20180124,   86,  116,   96,  133,  267,    2,   81,    4
  380,20180125,   35,   72,   57,   96,  147,   62,   92,    2
  380,20180126,   23,   60,   43,   76,  288,    0,   91,    4
  380,20180127,   45,   56,   42,   78,  534,    4,   85,    7
  380,20180128,   67,   81,   42,  104,  187,    8,   93,    3
  380,20180129,   65,   88,   49,   98,   83,   21,   87,    1
  380,20180130,   30,   48,   10,   77,  554,   -1,   90,    7
  380,20180131,   66,   70,   26,   94,   75,   75,   90,    1
  380,20180201,   53,   26,   10,   48,  296,    3,   85,    3
  380,20180202,   38,   28,   19,   42,  136,   42,   95,    2
  380,20180203,   26,   23,   12,   39,  223,    2,   95,    3
  380,20180204,   50,   -4,  -25,   22,  275,    9,   84,    3
  380,20180205,   53,   -6,  -27,   30,  803,    0,   80,    8
  380,20180206,   43,  -17,  -32,    1,  277,    2,   84,    3
  380,20180207,   28,  -23,  -58,   11,  639,    0,   80,    6
  380,20180208,   28,  -33,  -76,   13,  743,    0,   80,    7
  380,20180209,   48,   -6,  -37,   20,  678,    6,   82,    7
  380,20180210,   48,   19,    4,   47,  240,   10,   89,    3
  380,20180211,   63,   32,    6,   61,  317,   32,   85,    4
  380,20180212,   43,   16,   -9,   46,  492,    9,   80,    6
  380,20180213,   43,   10,  -20,   53,  943,    0,   70,   10
  380,20180214,   38,   18,  -35,   59,  957,    0,   60,   11
  380,20180215,   43,   44,    9,   90,  194,   70,   90,    2
  380,20180216,   26,   28,  -11,   82,  936,    0,   81,   11
  380,20180217,   30,   17,   -9,   57,  727,    0,   80,    8
  380,20180218,   27,   22,  -29,   78,  971,    0,   73,   11
  380,20180219,   18,    8,  -29,   39,  457,    0,   79,    5
  380,20180220,   28,   13,  -21,   49,  662,    0,   79,    7
  380,20180221,   45,   -3,  -44,   46, 1009,    0,   76,   11
  380,20180222,   62,   -1,  -31,   43, 1104,    0,   70,   12
  380,20180223,   63,  -10,  -41,   30, 1169,    0,   64,   12
  380,20180224,   76,   -7,  -49,   52, 1129,    0,   52,   12
  380,20180225,   68,  -28,  -54,    6, 1215,    0,   49,   11
  380,20180226,   64,  -44,  -73,  -10,  805,    1,   71,    7
  380,20180227,   58,  -52,  -83,   -9, 1215,    0,   62,   10
  380,20180228,   71,  -61,  -89,  -24, 1236,    0,   53,   10
  380,20180301,   93,  -33,  -69,    8,  963,    0,   45,    9
  380,20180302,   71,  -27,  -39,   -2,  299,   23,   62,    3
  380,20180303,   33,    2,  -30,   40, 1078,    5,   86,   12
  380,20180304,   38,   68,   -4,  131,  925,    2,   77,   12
  380,20180305,   36,   71,   35,  129,  872,    0,   75,   12
  380,20180306,   28,   69,   33,  112,  925,    0,   77,   12
  380,20180307,   39,   51,   21,   80,  326,   53,   86,    4
  380,20180308,   63,   46,   18,   85,  530,   32,   85,    7
  380,20180309,   33,   64,   20,   95,  572,   45,   88,    8
  380,20180310,   46,  121,   92,  156,  668,    4,   82,   10
  380,20180311,   42,  122,   92,  152,  629,    0,   79,   10
  380,20180312,   54,  106,   82,  147, 1010,   25,   79,   15
  380,20180313,   51,   57,   41,   85,  130,   71,   94,    2
  380,20180314,   33,   69,   11,  126, 1427,    0,   77,   19
  380,20180315,   42,   71,   45,  113,  452,   69,   77,    6
  380,20180316,   35,   58,    5,   97,  356,   48,   94,    5
  380,20180317,   82,  -19,  -28,    5,  269,    1,   82,    3
  380,20180318,   70,  -14,  -30,    9,  627,    0,   64,    6
  380,20180319,   56,   -8,  -42,   31, 1160,    0,   54,   12
  380,20180320,   50,   19,  -47,   86, 1517,    3,   60,   17
  380,20180321,   25,   16,  -21,   69, 1198,    0,   81,   13
  380,20180322,   35,   47,   17,   68,  196,   38,   93,    2
  380,20180323,   44,   52,   42,   69,  474,    1,   83,    6
  380,20180324,   28,   72,   35,  126, 1459,    0,   69,   20
  380,20180325,   23,   82,   17,  133, 1620,    0,   64,   23
  380,20180326,   20,   61,   15,  111, 1200,    2,   75,   16
  380,20180327,   39,   59,    2,  105,  612,   43,   85,    8
  380,20180328,   46,   70,   35,  106,  340,   87,   92,    5
  380,20180329,   38,   69,   32,  112, 1212,    3,   69,   16
  380,20180330,   36,   92,   55,  148, 1155,   18,   68,   17
  380,20180331,   30,   79,   40,  131, 1252,   33,   77,   17
  380,20180401,   34,   58,   38,   81,  478,    7,   86,    6
  380,20180402,   40,   94,   32,  148,  879,    2,   69,   13
  380,20180403,   62,  120,   93,  162,  777,    9,   73,   12
  380,20180404,   56,  109,   63,  144,  820,    8,   77,   12
  380,20180405,   48,   68,   22,   96,  908,    6,   74,   12
  380,20180406,   41,   97,   24,  175, 2056,    0,   55,   30
  380,20180407,   36,  154,   53,  228, 1953,    0,   52,   33
  380,20180408,   23,  168,  103,  234, 1632,    0,   53,   28
  380,20180409,   31,  139,   97,  174,  920,   -1,   77,   15
  380,20180410,   31,  138,  100,  188,  956,   50,   72,   15
  380,20180411,   23,  100,   69,  130,  515,   28,   89,    8
  380,20180412,   28,  112,   55,  168, 1051,   -1,   90,   16
  380,20180413,   23,  108,   55,  148,  927,    0,   82,   14
  380,20180414,   21,  131,   66,  188, 1519,   17,   80,   24
  380,20180415,   32,  140,  106,  184, 1537,   18,   76,   25
  380,20180416,   26,  130,   84,  179, 2100,    2,   73,   33
  380,20180417,   20,  145,   59,  213, 2194,    0,   64,   36
  380,20180418,   29,  179,   83,  248, 2271,    0,   55,   40
  380,20180419,   32,  206,  103,  280, 2315,    0,   48,   43
  380,20180420,   28,  203,  122,  270, 2135,    0,   55,   39
  380,20180421,   24,  173,  105,  235, 2155,    0,   70,   37
  380,20180422,   30,  194,  110,  267, 1824,    1,   64,   33
  380,20180423,   41,  145,   87,  187, 2029,    8,   66,   33
  380,20180424,   50,  127,   82,  162, 1226,    0,   72,   19
  380,20180425,   53,  128,   78,  159, 1459,    5,   65,   23
  380,20180426,   45,   99,   46,  145, 1509,   18,   67,   22
  380,20180427,   29,  128,   45,  190, 2121,    0,   54,   33
  380,20180428,   42,  129,   75,  169, 1153,    0,   61,   18
  380,20180429,   36,  124,   46,  190, 1518,  234,   85,   24
  380,20180430,   75,   96,   51,  134,  996,   74,   83,   14
  380,20180501,   54,   86,   49,  137, 1758,   11,   69,   25
  380,20180502,   41,  121,   41,  180, 2572,   -1,   59,   40
  380,20180503,   29,  116,   70,  166, 2519,    0,   65,   38
  380,20180504,   39,  125,   48,  187, 2641,    0,   62,   41
  380,20180505,   46,  145,   66,  218, 2701,    0,   61,   44
  380,20180506,   38,  181,   77,  252, 2750,    0,   53,   48
  380,20180507,   32,  187,  104,  248, 2747,    0,   52,   49
  380,20180508,   28,  207,  126,  270, 2673,    0,   47,   49
  380,20180509,   29,  193,  114,  271, 2455,    0,   59,   44
  380,20180510,   34,  127,   80,  168, 1090,   39,   76,   17
  380,20180511,   24,  139,   58,  203, 2320,    0,   67,   37
  380,20180512,   29,  179,   86,  239, 2132,    0,   56,   37
  380,20180513,   31,  130,  114,  150,  319,   23,   88,    5
  380,20180514,   33,  158,  106,  240, 1451,    5,   83,   24
  380,20180515,   30,  176,  116,  238, 2593,    0,   62,   45
  380,20180516,   39,  161,  115,  214, 1558,   11,   71,   26
  380,20180517,   43,  123,   78,  183, 2786,    0,   65,   43
  380,20180518,   29,  114,   71,  172, 2359,    0,   67,   36
  380,20180519,   22,  112,   55,  166, 1941,    0,   71,   29
  380,20180520,   28,  152,   64,  241, 2622,   -1,   71,   43
  380,20180521,   38,  173,  124,  253, 1879,  175,   71,   33
  380,20180522,   21,  159,  116,  234, 1381,  497,   85,   23
  380,20180523,   27,  173,  132,  226, 1383,   26,   82,   24
  380,20180524,   35,  180,  123,  238, 2052,   25,   78,   36
  380,20180525,   17,  201,  125,  264, 2587,    0,   72,   47
  380,20180526,   34,  226,  145,  280, 2727,    0,   65,   52
  380,20180527,   29,  202,  166,  270, 1248,  146,   77,   23
  380,20180528,   30,  227,  146,  283, 2626,    0,   66,   50
  380,20180529,   29,  205,  164,  260, 1391,   -1,   80,   26
  380,20180530,   18,  212,  143,  265, 2104,   -1,   74,   39
  380,20180531,   20,  214,  170,  274, 2151,   15,   75,   40
  380,20180601,   28,  171,  159,  185,  252,  258,   96,    4
  380,20180602,   29,  172,  138,  203, 1575,    0,   84,   27
  380,20180603,   20,  192,  144,  248, 2362,    0,   77,   42
  380,20180604,   38,  202,  138,  262, 2646,    0,   75,   48
  380,20180605,   36,  167,  131,  200, 1301,    0,   82,   22
  380,20180606,   31,  211,  124,  275, 2891,    0,   68,   54
  380,20180607,   24,  209,  166,  258, 1818,    8,   77,   34
  380,20180608,   22,  195,  169,  235, 1404,   11,   87,   25
  380,20180609,   20,  207,  167,  253, 1984,    0,   81,   37
  380,20180610,   26,  202,  167,  251, 1740,    0,   79,   32
  380,20180611,   50,  185,  148,  234, 1966,   -1,   72,   35
  380,20180612,   40,  150,  116,  183,  959,    7,   82,   16
  380,20180613,   27,  137,   92,  179, 1464,   -1,   76,   23
  380,20180614,   37,  157,   92,  218, 1853,    9,   79,   31
  380,20180615,   21,  182,  136,  236, 2582,    0,   69,   46
  380,20180616,   30,  177,  126,  241, 2039,    0,   70,   36
  380,20180617,   40,  159,  132,  180, 1407,    0,   68,   24
  380,20180618,   42,  181,  147,  222, 1369,   -1,   73,   24
  380,20180619,   32,  179,  138,  214,  854,    0,   83,   15
  380,20180620,   28,  217,  164,  274, 2855,    0,   68,   54
  380,20180621,   49,  150,   90,  190, 2023,    0,   67,   33
  380,20180622,   42,  122,   80,  160, 1439,   -1,   71,   22
  380,20180623,   18,  134,   73,  184, 1183,   -1,   75,   19
  380,20180624,   25,  150,   97,  195, 1634,   -1,   74,   27
  380,20180625,   27,  170,  127,  228, 1826,   -1,   72,   31
  380,20180626,   30,  162,  104,  226, 2707,    0,   72,   46
  380,20180627,   40,  194,  108,  273, 2935,    0,   62,   53
  380,20180628,   45,  216,  126,  278, 2918,    0,   51,   55
  380,20180629,   49,  223,  154,  288, 2977,    0,   53,   56
  380,20180630,   44,  225,  145,  293, 2903,    0,   54,   55
  380,20180701,   57,  221,  169,  276, 3117,    0,   33,   59
  380,20180702,   48,  215,  140,  281, 3100,    0,   37,   58
  380,20180703,   24,  224,  121,  297, 2597,   -1,   42,   49
  380,20180704,   20,  225,  161,  283, 1849,   33,   62,   35
  380,20180705,   24,  212,  158,  274, 2221,    0,   65,   41
  380,20180706,   19,  206,  140,  263, 2363,    0,   65,   43
  380,20180707,   32,  210,  144,  269, 2621,    0,   53,   49
  380,20180708,   39,  195,  125,  258, 2921,    0,   55,   53
  380,20180709,   35,  192,  126,  251, 2160,    0,   67,   39
  380,20180710,   39,  152,  123,  180,  886,   -1,   75,   15
  380,20180711,   33,  178,  100,  237, 2065,   -1,   65,   36
  380,20180712,   28,  203,  156,  269, 2248,    0,   66,   41
  380,20180713,   21,  205,  131,  271, 2636,    0,   62,   48
  380,20180714,   28,  210,  136,  276, 2757,    0,   59,   51
  380,20180715,   30,  225,  134,  294, 2842,    0,   46,   54
  380,20180716,   23,  236,  147,  302, 2786,   -1,   42,   54
  380,20180717,   35,  218,  145,  280, 2523,   -1,   54,   47
  380,20180718,   23,  205,  116,  272, 2657,    0,   53,   49
  380,20180719,   23,  214,  132,  284, 2450,    0,   54,   46
  380,20180720,   20,  217,  135,  287, 2207,    0,   51,   41
  380,20180721,   24,  223,  160,  292, 2142,    0,   55,   41
  380,20180722,   20,  216,  139,  282, 2049,    0,   55,   38
  380,20180723,   16,  235,  167,  295, 1872,    0,   59,   36
  380,20180724,   20,  261,  170,  327, 2427,    0,   52,   49
  380,20180725,   30,  268,  196,  341, 2092,   -1,   51,   42
  380,20180726,   23,  280,  194,  367, 2256,   -1,   51,   46
  380,20180727,   31,  298,  232,  363, 2589,    0,   33,   54
  380,20180728,   37,  226,  169,  281, 1852,    6,   58,   35
  380,20180729,   43,  237,  167,  304, 1895,    0,   44,   37
  380,20180730,   31,  258,  192,  327, 2341,    0,   51,   47
  380,20180731,   34,  242,  185,  297, 2338,    0,   56,   46
  380,20180801,   32,  236,  162,  300, 1856,    0,   53,   36
  380,20180802,   25,  247,  160,  322, 2454,    0,   54,   48
  380,20180803,   26,  267,  176,  343, 2498,    0,   48,   50
  380,20180804,   34,  251,  189,  326, 2397,    0,   56,   47
  380,20180805,   35,  220,  174,  281, 2340,    0,   60,   44
  380,20180806,   18,  257,  156,  340, 2552,    0,   44,   51
  380,20180807,   25,  276,  164,  358, 2388,    0,   40,   49
  380,20180808,   46,  208,  155,  247, 1604,   83,   69,   30
  380,20180809,   53,  185,  143,  238,  957,  207,   79,   17
  380,20180810,   56,  182,  127,  234, 2151,    0,   58,   38
  380,20180811,   30,  171,  121,  225, 2410,   15,   63,   42
  380,20180812,   33,  209,  122,  281, 2342,    0,   47,   43
  380,20180813,   41,  181,  164,  221, 1118,  126,   83,   20
  380,20180814,   32,  182,  154,  220,  745,    3,   83,   13
  380,20180815,   33,  183,  145,  230, 1144,    0,   80,   20
  380,20180816,   25,  202,  131,  271, 1924,    0,   72,   35
  380,20180817,   23,  180,  140,  231, 1474,   95,   76,   26
  380,20180818,   27,  178,  112,  237, 2302,    0,   71,   40
  380,20180819,   38,  198,  139,  253, 2011,    0,   72,   36
  380,20180820,   23,  202,  181,  232,  736,   -1,   82,   13
  380,20180821,   14,  215,  180,  266, 1780,   -1,   73,   33
  380,20180822,   23,  210,  159,  272, 2012,    0,   76,   37
  380,20180823,   34,  194,  144,  234, 2080,    6,   80,   37
  380,20180824,   43,  165,  141,  202, 1424,    1,   64,   24
  380,20180825,   39,  130,   88,  176, 1277,   54,   77,   20
  380,20180826,   44,  147,   79,  201, 1713,   19,   65,   28
  380,20180827,   50,  169,  132,  213, 1088,   15,   75,   19
  380,20180828,   20,  173,  124,  232, 1484,    0,   69,   26
  380,20180829,   24,  179,  126,  230,  901,    6,   78,   16
  380,20180830,   27,  159,  117,  201, 1521,   -1,   72,   26
  380,20180831,   27,  145,   98,  197, 1830,    0,   69,   30
  380,20180901,   25,  143,   74,  215, 1971,    0,   65,   32
  380,20180902,   34,  172,   78,  245, 1961,    0,   62,   34
  380,20180903,   20,  183,  149,  209,  935,   -1,   76,   17
  380,20180904,   18,  206,  173,  259, 1471,   -1,   76,   27
  380,20180905,   20,  200,  159,  263, 1469,   57,   80,   27
  380,20180906,   17,  170,  140,  213,  738,    4,   91,   13
  380,20180907,   35,  141,   91,  192, 1268,   10,   74,   21
  380,20180908,   35,  145,   88,  201, 1510,    0,   70,   25
  380,20180909,   31,  185,  131,  252, 1547,    0,   60,   27
  380,20180910,   30,  181,  138,  231, 1340,    0,   69,   24
  380,20180911,   51,  202,  145,  268, 1845,    0,   61,   34
  380,20180912,   40,  167,  139,  231, 1235,    1,   81,   21
  380,20180913,   27,  143,  103,  184,  624,   12,   83,   10
  380,20180914,   25,  142,   68,  206, 1765,    0,   69,   29
  380,20180915,   28,  149,  101,  210, 1508,    0,   72,   25
  380,20180916,   21,  166,   91,  236, 1570,    0,   63,   27
  380,20180917,   27,  187,  101,  269, 1666,    0,   54,   30
  380,20180918,   43,  227,  148,  300, 1675,    0,   52,   32
  380,20180919,   45,  206,  139,  274, 1525,    0,   65,   28
  380,20180920,   50,  204,  152,  258, 1492,    0,   61,   27
  380,20180921,   68,  159,  114,  207,  807,   46,   63,   14
  380,20180922,   38,  116,  100,  159,  665,   55,   84,   10
  380,20180923,   36,  104,   79,  125,  265,  204,   96,    4
  380,20180924,   26,   91,   49,  150, 1037,   10,   83,   15
  380,20180925,   21,   91,   32,  150, 1391,    0,   75,   20
  380,20180926,   20,  114,   38,  192, 1541,    0,   63,   23
  380,20180927,   25,  143,   56,  229, 1589,    0,   63,   26
  380,20180928,   38,  103,   47,  144,  350,    6,   81,    5
  380,20180929,   30,   86,   22,  153, 1541,    0,   71,   22
  380,20180930,   20,  102,   25,  170, 1495,   -1,   70,   22
  380,20181001,   34,   95,   55,  135,  941,   22,   82,   14
  380,20181002,   49,  109,   67,  143,  314,   18,   88,    5
  380,20181003,   27,  120,   72,  165, 1021,    0,   78,   16
  380,20181004,   25,  125,   88,  179,  838,    0,   80,   13
  380,20181005,   14,  146,   67,  229, 1361,    0,   73,   22
  380,20181006,   32,  172,  104,  247, 1309,    6,   68,   23
  380,20181007,   46,  113,   60,  152,  974,   16,   79,   15
  380,20181008,   16,   97,   34,  168, 1245,    0,   79,   18
  380,20181009,   17,  130,   55,  204, 1144,    0,   81,   18
  380,20181010,   30,  159,   86,  228, 1256,    0,   76,   21
  380,20181011,   34,  186,  121,  245,  870,    0,   66,   15
  380,20181012,   39,  199,  145,  249, 1013,   -1,   67,   18
  380,20181013,   36,  209,  162,  273, 1150,    0,   59,   21
  380,20181014,   43,  201,  163,  257, 1043,    0,   51,   19
  380,20181015,   30,  186,  117,  246,  999,   -1,   55,   18
  380,20181016,   18,  170,   90,  251,  947,    0,   61,   16
  380,20181017,   22,  150,  105,  209,  944,    0,   77,   16
  380,20181018,   41,  135,  108,  182,  639,    0,   85,   10
  380,20181019,   28,  123,   79,  166,  796,    0,   81,   12
  380,20181020,   13,   82,   33,  141,  873,    0,   86,   12
  380,20181021,   11,   98,   31,  172, 1015,    0,   77,   15
  380,20181022,   33,   99,   34,  150,  469,   15,   82,    7
  380,20181023,   51,  100,   33,  141,  589,    0,   79,    9
  380,20181024,   34,  133,  118,  153,  236,   10,   91,    4
  380,20181025,   29,  117,  101,  126,  335,    1,   81,    5
  380,20181026,   42,   89,   52,  111,  238,   43,   83,    3
  380,20181027,   25,   59,   33,   95,  569,    7,   89,    7
  380,20181028,   70,   42,   17,   71,  623,    0,   80,    8
  380,20181029,   64,   46,   33,   62,  172,   15,   85,    2
  380,20181030,   64,   57,   32,   85,  165,  177,   90,    2
  380,20181031,   31,   76,   32,  105,  316,   -1,   83,    4
  380,20181101,   35,   97,   73,  122,  196,   20,   81,    3
  380,20181102,   32,   73,   13,  117,  735,    0,   78,   10
  380,20181103,   21,   41,   -5,  102,  744,    0,   84,    9
  380,20181104,   18,   66,    0,  146,  776,    0,   86,   10
  380,20181105,   18,   89,   34,  142,  752,    0,   86,   11
  380,20181106,   30,  133,   90,  179,  589,   -1,   74,    9
  380,20181107,   45,  116,   96,  137,  251,    7,   76,    4
  380,20181108,   33,   97,   61,  134,  680,   -1,   80,   10
  380,20181109,   32,  105,   49,  145,  491,    2,   80,    7
  380,20181110,   58,  128,  118,  145,  136,   17,   82,    2
  380,20181111,   63,  118,  105,  135,  280,   16,   82,    4
  380,20181112,   27,  104,   87,  119,  120,   21,   93,    2
  380,20181113,   53,  100,   74,  131,  456,    0,   83,    7
  380,20181114,   26,   79,   28,  133,  679,    0,   84,    9
  380,20181115,   21,   59,    4,  131,  677,    0,   86,    9
  380,20181116,   22,   40,  -12,  102,  638,    0,   85,    8
  380,20181117,   49,   41,   13,   94,  647,    0,   77,    8
  380,20181118,   52,   18,  -14,   64,  599,    0,   70,    7
  380,20181119,   72,   33,   -9,   66,  320,   -1,   80,    4
  380,20181120,   58,   28,   -4,   45,  156,    0,   73,    2
  380,20181121,   29,   29,    0,   59,  340,    1,   83,    4
  380,20181122,   18,   15,  -18,   58,  516,    0,   87,    6
  380,20181123,   25,   40,  -21,  102,  481,    0,   86,    6
  380,20181124,   18,   34,   15,   54,   91,   37,   96,    1
  380,20181125,   38,   34,   28,   39,  170,    2,   97,    2
  380,20181126,   35,   46,   32,   56,  138,   10,   96,    2
  380,20181127,   18,   31,   18,   45,  195,    1,   93,    2
  380,20181128,   53,   72,   29,  104,  147,   14,   82,    2
  380,20181129,   59,  106,   97,  116,   81,    3,   74,    1
  380,20181130,   48,   95,   62,  115,  236,   -1,   83,    3
  380,20181201,   63,   78,   44,  103,  232,   10,   85,    3
  380,20181202,   61,  121,   91,  141,   88,  126,   92,    1
  380,20181203,   57,  121,   93,  135,  193,   18,   88,    3
  380,20181204,   19,   57,   11,   93,  353,   13,   91,    5
  380,20181205,   34,   70,   13,  100,  232,    1,   81,    3
  380,20181206,   55,  113,   90,  124,  158,    8,   90,    2
  380,20181207,   75,   96,   59,  125,   98,  109,   89,    1
  380,20181208,   82,   84,   59,  104,   91,   89,   83,    1
  380,20181209,   60,   74,   51,   93,  107,  144,   84,    1
  380,20181210,   35,   43,   25,   73,  267,   20,   90,    3
  380,20181211,   18,   39,   12,   64,  253,    7,   87,    3
  380,20181212,   20,    6,  -23,   38,  193,    0,   95,    2
  380,20181213,   41,   -1,  -20,   24,  436,    0,   84,    5
  380,20181214,   23,    1,  -31,   16,  196,    0,   78,    2
  380,20181215,   30,   -3,  -22,    9,  154,    3,   67,    2
  380,20181216,   39,   21,  -10,   45,  234,   31,   92,    3
  380,20181217,   46,   59,   40,   83,  175,    9,   88,    2
  380,20181218,   42,   59,   32,   84,  351,    0,   77,    5
  380,20181219,   53,   78,   61,  100,  215,    1,   81,    3
  380,20181220,   60,   74,   61,   83,  109,   20,   86,    1
  380,20181221,   83,  107,   78,  140,  111,  107,   81,    2
  380,20181222,   50,   93,   72,  111,  164,   94,   84,    2
  380,20181223,   45,   84,   59,  113,   75,  154,   94,    1
  380,20181224,   25,   42,   -5,   71,  283,    9,   89,    3
  380,20181225,   32,    8,  -24,   43,  355,    0,   90,    4
  380,20181226,   23,    0,  -28,   35,  456,    0,   84,    5
  380,20181227,   14,   19,  -16,   56,  275,    0,   77,    3
  380,20181228,   29,    8,  -28,   35,  450,    0,   90,    5
  380,20181229,   52,   46,   17,   79,  109,   14,   94,    1
  380,20181230,   32,   69,   45,   79,  173,   20,   92,    2
  380,20181231,   23,   83,   74,   91,   96,   19,   97,    1
  380,20190101,   42,   62,   42,   77,   62,   18,   89,    1
  380,20190102,   30,   32,    0,   59,  247,   -1,   80,    3
  380,20190103,   21,   32,    8,   51,  179,   -1,   87,    2
  380,20190104,   27,   25,   10,   40,   93,    5,   94,    1
  380,20190105,   37,   51,   29,   59,   57,   13,   96,    1
  380,20190106,   21,   43,   32,   52,  114,    1,   94,    1
  380,20190107,   43,   52,   15,   81,   61,   41,   97,    1
  380,20190108,   56,   58,   39,   85,  110,   59,   84,    1
  380,20190109,   46,   34,   15,   61,  349,    2,   80,    4
  380,20190110,   17,   11,    0,   25,  157,   -1,   89,    2
  380,20190111,   34,   40,    7,   67,   81,   34,   97,    1
  380,20190112,   45,   61,   49,   72,   75,   47,   93,    1
  380,20190113,   55,   78,   65,   89,   39,   91,   93,    1
  380,20190114,   40,   46,   21,   68,  259,    7,   85,    3
  380,20190115,   49,   52,   25,   69,  235,    1,   87,    3
  380,20190116,   68,   53,   42,   61,  152,    7,   79,    2
  380,20190117,   45,   31,    0,   53,  110,   88,   94,    1
  380,20190118,   19,    2,  -14,   22,  348,    0,   92,    4
  380,20190119,   32,   -5,  -33,   36,  587,    0,   74,    6
  380,20190120,   28,  -28,  -62,   10,  613,    0,   81,    6
  380,20190121,   20,  -35,  -75,   16,  730,    0,   84,    7
  380,20190122,   45,  -27,  -62,   -9,  246,   29,   80,    2
  380,20190123,   35,  -26,  -52,   -7,  315,    0,   84,    3
  380,20190124,   18,  -24,  -35,   -7,  272,    0,   82,    3
  380,20190125,   45,    9,  -11,   33,  267,   22,   92,    3
  380,20190126,   62,   56,   33,   67,  125,    5,   95,    2
  380,20190127,   62,   48,   22,   66,   92,   93,   90,    1
  380,20190128,   55,   23,    9,   53,  229,   83,   91,    3
  380,20190129,   41,   14,   -4,   44,  617,    4,   81,    7
  380,20190130,   32,   -3,  -18,    9,  164,   34,   92,    2
  380,20190131,   33,  -25,  -51,   -8,  264,   -1,   92,    3
  380,20190201,   28,   21,  -10,   66,  481,    8,   89,    6
  380,20190202,   35,   11,    2,   20,   95,   84,   97,    1
  380,20190203,   26,   19,  -11,   56,  694,    0,   86,    8
  380,20190204,   63,   21,  -10,   45,  336,   -1,   76,    4
  380,20190205,   33,   30,    8,   53,  183,    2,   90,    2
  380,20190206,   55,   55,    8,   91,  384,   17,   74,    5
  380,20190207,   74,   73,   48,   99,  581,   16,   79,    8
  380,20190208,   86,   76,   46,   92,  283,   21,   80,    4
  380,20190209,   82,   81,   72,  103,  346,   21,   74,    5
  380,20190210,   74,   67,   31,   93,  127,  201,   89,    2
  380,20190211,   36,   39,    5,   72,  461,    2,   86,    6
  380,20190212,   38,   27,  -15,   76,  502,    0,   89,    6
  380,20190213,   30,   32,    0,   75,  693,    0,   80,    8
  380,20190214,   17,   63,  -18,  154,  962,    0,   61,   13
  380,20190215,   18,   88,   11,  170,  997,    0,   53,   14
  380,20190216,   33,   84,   35,  150,  998,    0,   61,   14
  380,20190217,   34,  102,   35,  181,  972,    0,   53,   14
  380,20190218,   40,   95,   45,  162, 1030,    0,   55,   15
  380,20190219,   38,   75,   32,  113,  790,   -1,   76,   11
  380,20190220,   39,   70,   29,  114,  852,    0,   76,   11
  380,20190221,   32,   94,   39,  129,  588,    1,   78,    8
  380,20190222,   17,   86,   54,  113,  308,    0,   92,    4
  380,20190223,   34,   66,   24,  120, 1147,    0,   74,   15
  380,20190224,   23,   74,   -2,  150, 1153,    0,   52,   16
  380,20190225,   23,   90,   17,  170, 1183,    0,   55,   17
  380,20190226,   21,  105,   32,  182, 1197,    0,   62,   18
  380,20190227,   20,  114,   35,  198, 1235,    0,   60,   19
  380,20190228,   48,   84,   38,  127,  480,   26,   84,    7
  380,20190301,   30,   66,   53,   89,   85,   65,   94,    1
  380,20190302,   48,   81,   54,  102,  342,    2,   88,    5
  380,20190303,   84,  105,   83,  126,  154,   19,   81,    2
  380,20190304,   86,   84,   49,  128,  582,   56,   71,    8
  380,20190305,   54,   64,   33,   98,  514,   29,   79,    7
  380,20190306,   64,  108,   80,  134,  480,    5,   71,    7
  380,20190307,   87,   88,   69,  121,  803,   45,   76,   11
  380,20190308,   55,   75,   55,  107,  740,   26,   78,   10
  380,20190309,   68,   91,   71,  116,  418,  106,   81,    6
  380,20190310,   71,   75,   24,  118,  635,   91,   80,    9
  380,20190311,   54,   37,    3,   82,  710,   51,   81,    9
  380,20190312,   80,   65,   16,  107,  777,    5,   66,   10
  380,20190313,   74,   57,   41,   84,  361,   87,   83,    5
  380,20190314,   63,   75,   54,  114,  379,   95,   81,    5
  380,20190315,   63,   94,   63,  118,  205,  249,   91,    3
  380,20190316,   76,   99,   75,  111,  397,   89,   81,    6
  380,20190317,   63,   63,   23,  109,  906,   31,   78,   12
  380,20190318,   36,   49,    2,  101, 1072,    2,   71,   14
  380,20190319,   24,   52,  -10,  109, 1329,    0,   73,   17
  380,20190320,   32,   80,   26,  128,  983,    0,   76,   14
  380,20190321,   21,   97,   32,  164, 1656,    0,   73,   24
  380,20190322,   15,  116,   21,  197, 1723,    0,   67,   26
  380,20190323,   23,   87,   59,  104,  437,    0,   86,    6
  380,20190324,   30,   77,   18,  117, 1448,    0,   72,   20
  380,20190325,   54,   66,   23,   95, 1155,    7,   73,   15
  380,20190326,   21,   67,   41,   87,  619,    0,   73,    8
  380,20190327,   13,   74,   26,  104,  884,    0,   76,   12
  380,20190328,   15,   89,   51,  130,  886,    0,   73,   13
  380,20190329,   27,  110,   23,  174, 1894,    0,   69,   28
  380,20190330,   30,  130,   75,  183, 1847,    0,   58,   29
  380,20190331,   55,   90,   50,  136, 1656,    0,   75,   24
  380,20190401,   45,   90,   15,  159, 1946,    0,   64,   28
  380,20190402,   43,  101,   66,  156,  790,   59,   76,   12
  380,20190403,   32,   64,   37,   93,  741,   11,   80,   10
  380,20190404,   22,   60,   28,   98, 1001,    0,   78,   13
  380,20190405,   32,   70,    0,  115, 1464,    0,   79,   20
  380,20190406,   28,  110,   64,  161, 1709,    0,   73,   26
  380,20190407,   33,  137,   72,  197, 2007,    0,   70,   32
  380,20190408,   24,  110,   91,  140, 1061,    2,   90,   16
  380,20190409,   37,  113,   83,  146, 1015,   -1,   78,   15
  380,20190410,   61,   81,   39,  131, 2325,    0,   61,   32
  380,20190411,   48,   59,   -1,  115, 2129,    0,   59,   28
  380,20190412,   50,   46,   10,   86,  962,    0,   58,   12
  380,20190413,   44,   27,   -9,   70, 1570,    2,   73,   18
  380,20190414,   46,   53,    9,  111, 1615,    0,   69,   21
  380,20190415,   44,   95,    4,  170, 2178,    0,   65,   31
  380,20190416,   41,  126,   70,  193, 1871,    1,   60,   29
  380,20190417,   22,  119,   94,  158,  891,   -1,   81,   14
  380,20190418,   48,  158,   84,  214, 2342,    0,   47,   39
  380,20190419,   47,  169,   96,  238, 2360,    0,   41,   41
  380,20190420,   35,  171,   91,  243, 2364,    0,   43,   41
  380,20190421,   37,  164,   72,  237, 2397,    0,   44,   41
  380,20190422,   48,  184,  106,  244, 2335,    0,   37,   41
  380,20190423,   51,  157,  104,  207, 1876,    0,   50,   31
  380,20190424,   58,  164,   96,  245, 1697,   89,   60,   29
  380,20190425,   51,  125,   93,  180, 1024,   18,   70,   16
  380,20190426,   33,  119,   77,  171, 1520,    4,   70,   23
  380,20190427,   50,   96,   80,  131, 1252,   22,   73,   18
  380,20190428,   31,   86,   46,  131, 1724,   -1,   77,   24
  380,20190429,   31,  105,   21,  163, 2069,    0,   71,   31
  380,20190430,   36,  114,   67,  166, 2098,    0,   74,   32
  380,20190501,   18,  100,   43,  170, 1785,    0,   80,   26
  380,20190502,   26,   98,   51,  157, 1420,   15,   86,   21
  380,20190503,   25,   85,   49,  127, 1116,   17,   80,   16
  380,20190504,   41,   54,   19,  105, 1852,  107,   79,   24
  380,20190505,   35,   59,   11,  115, 1763,   -1,   76,   23
  380,20190506,   30,   59,    6,  127,  853,   -1,   80,   11
  380,20190507,   21,   92,   38,  140, 1724,    0,   67,   25
  380,20190508,   38,  100,   82,  123,  610,   32,   80,    9
  380,20190509,   36,  115,   75,  166, 1461,   28,   78,   22
  380,20190510,   34,  109,   84,  159, 1486,   69,   80,   22
  380,20190511,   47,  108,   58,  155, 1542,   13,   74,   23
  380,20190512,   34,   90,   25,  145, 2010,    0,   67,   29
  380,20190513,   48,  100,   25,  158, 2845,    0,   56,   42
  380,20190514,   49,  102,   37,  160, 2677,    0,   59,   39
  380,20190515,   43,  109,   30,  165, 2942,    0,   50,   44
  380,20190516,   39,  113,   40,  169, 2401,   -1,   63,   36
  380,20190517,   28,  104,   81,  123,  657,   14,   92,   10
  380,20190518,   15,  140,   98,  203, 1602,    5,   87,   26
  380,20190519,   22,  154,  115,  218, 1804,   16,   84,   30
  380,20190520,   34,  127,  113,  142,  606,   -1,   90,    9
  380,20190521,   43,  118,  100,  156,  533,    0,   86,    8
  380,20190522,   21,  138,   92,  198, 2236,    0,   63,   36
  380,20190523,   27,  161,   70,  225, 2591,    0,   54,   44
  380,20190524,   32,  168,   94,  236, 2340,    0,   54,   40
  380,20190525,   17,  135,   58,  195, 1844,   -1,   71,   29
  380,20190526,   48,  162,   90,  222, 1844,   10,   71,   31
  380,20190527,   25,  150,  110,  198, 1730,   46,   72,   29
  380,20190528,   29,  113,   85,  143, 1134,  164,   85,   17
  380,20190529,   20,  137,   53,  197, 2750,   -1,   65,   44
  380,20190530,   42,  162,  128,  215,  915,    2,   75,   15
  380,20190531,   34,  173,  122,  219, 2634,    0,   68,   46
  380,20190601,   24,  205,  115,  269, 2744,    0,   64,   50
  380,20190602,   38,  245,  154,  310, 2912,    0,   52,   57
  380,20190603,   24,  187,  155,  228, 1571,   90,   76,   28
  380,20190604,   35,  202,  126,  284, 2086,    7,   70,   38
  380,20190605,   32,  184,  137,  227, 1938,  213,   78,   34
  380,20190606,   38,  138,  102,  188, 2138,   49,   75,   34
  380,20190607,   64,  155,   92,  247, 1958,    3,   67,   33
  380,20190608,   82,  143,  106,  191, 1798,    1,   66,   29
  380,20190609,   27,  160,   90,  209, 2182,    0,   64,   37
  380,20190610,   23,  161,  114,  230, 1540,   48,   80,   26
  380,20190611,   25,  156,  110,  209, 2394,   -1,   71,   40
  380,20190612,   37,  151,  122,  198, 1352,   82,   78,   22
  380,20190613,   55,  159,  112,  205, 2350,   10,   67,   40
  380,20190614,   21,  193,  109,  255, 2578,    9,   65,   46
  380,20190615,   34,  184,  152,  229, 2394,  105,   76,   42
  380,20190616,   32,  176,  135,  221, 2168,    0,   69,   38
  380,20190617,   19,  207,  119,  270, 2955,    0,   61,   54
  380,20190618,   19,  223,  147,  279, 2484,    0,   61,   47
  380,20190619,   36,  211,  164,  285, 2083,   27,   70,   39
  380,20190620,   34,  171,  123,  205, 1417,    5,   78,   24
  380,20190621,   32,  158,   98,  211, 2435,    0,   67,   41
  380,20190622,   38,  186,   96,  247, 2812,    0,   65,   50
  380,20190623,   36,  233,  142,  295, 2713,    0,   60,   52
  380,20190624,   31,  265,  194,  327, 2779,    0,   55,   56
  380,20190625,   31,  282,  219,  348, 2711,    0,   56,   56
  380,20190626,   33,  234,  181,  289, 2790,    0,   73,   54
  380,20190627,   51,  197,  144,  262, 2853,    0,   62,   52
  380,20190628,   39,  195,  119,  265, 3075,    0,   59,   56
  380,20190629,   25,  254,  130,  337, 3056,    0,   44,   61
  380,20190630,   34,  238,  181,  283, 2447,   -1,   57,   47
  380,20190701,   36,  192,  132,  248, 2711,    0,   63,   49
  380,20190702,   28,  176,  111,  233, 2234,    0,   61,   39
  380,20190703,   39,  167,  123,  222, 1943,    0,   60,   33
  380,20190704,   28,  173,   91,  236, 2986,    0,   53,   52
  380,20190705,   26,  200,  136,  271, 2570,    0,   58,   47
  380,20190706,   37,  197,  138,  282, 2485,   -1,   65,   45
  380,20190707,   33,  161,  113,  214, 2345,   -1,   61,   40
  380,20190708,   27,  137,   80,  188, 1532,    0,   70,   25
  380,20190709,   24,  152,   72,  215, 2518,    0,   58,   42
  380,20190710,   20,  175,   83,  238, 2281,   -1,   55,   40
  380,20190711,   33,  202,  166,  251, 1662,    0,   60,   30
  380,20190712,   27,  178,  136,  253, 1724,   70,   75,   30
  380,20190713,   29,  170,  139,  216, 1416,   29,   81,   24
  380,20190714,   31,  155,  124,  191,  944,    0,   76,   16
  380,20190715,   20,  144,  100,  178,  844,    0,   79,   14
  380,20190716,   12,  144,  100,  194, 1197,    0,   80,   20
  380,20190717,   19,  176,   96,  242, 2352,    0,   68,   41
  380,20190718,   34,  200,  138,  250, 1821,   -1,   62,   33
  380,20190719,   30,  205,  169,  257, 1954,   -1,   63,   36
  380,20190720,   36,  215,  163,  270, 1287,  241,   68,   24
  380,20190721,   28,  193,  148,  251, 1878,    0,   70,   34
  380,20190722,   29,  220,  151,  282, 2606,    0,   61,   49
  380,20190723,   22,  265,  157,  340, 2731,    0,   51,   55
  380,20190724,   24,  302,  215,  386, 2602,    0,   42,   55
  380,20190725,   24,  309,  207,  396, 2476,    0,   46,   53
  380,20190726,   25,  263,  203,  374, 1641,   13,   63,   33
  380,20190727,   21,  194,  181,  212,  418,  193,   94,    8
  380,20190728,   28,  172,  157,  181,  212,  122,   97,    4
  380,20190729,   24,  193,  136,  247, 2676,    0,   68,   48
  380,20190730,   34,  214,  134,  277, 2120,   -1,   60,   40
  380,20190731,   46,  187,  142,  233, 1734,    0,   64,   31
  380,20190801,   33,  192,  142,  248, 2142,    0,   68,   38
  380,20190802,   32,  176,  134,  234, 1719,   52,   86,   30
  380,20190803,   22,  176,  142,  217, 1153,    0,   84,   20
  380,20190804,   20,  209,  123,  270, 2297,    0,   67,   42
  380,20190805,   33,  215,  182,  250, 2080,    2,   65,   39
  380,20190806,   35,  194,  152,  243, 1606,   19,   76,   29
  380,20190807,   37,  185,  140,  239, 1917,   13,   75,   34
  380,20190808,   30,  183,  135,  235, 1557,    3,   76,   27
  380,20190809,   38,  209,  171,  248,  823,   28,   79,   15
  380,20190810,   72,  207,  165,  245, 1885,    0,   62,   35
  380,20190811,   37,  178,  132,  217, 1416,    0,   66,   25
  380,20190812,   36,  160,  128,  224, 1591,    7,   77,   27
  380,20190813,   40,  147,  100,  210, 1607,   80,   77,   26
  380,20190814,   35,  164,  104,  222, 1904,   17,   76,   32
  380,20190815,   43,  176,  149,  215, 1358,   35,   80,   24
  380,20190816,   39,  179,  126,  225, 1392,    1,   73,   24
  380,20190817,   53,  184,  149,  199,  514,   38,   83,    9
  380,20190818,   33,  160,  131,  197,  659,  253,   88,   11
  380,20190819,   40,  170,  123,  223, 2023,    0,   69,   35
  380,20190820,   31,  158,  107,  214, 1895,    0,   72,   32
  380,20190821,   18,  165,   96,  230, 2107,    0,   68,   36
  380,20190822,   23,  186,  113,  253, 2245,    0,   63,   40
  380,20190823,   26,  196,  109,  267, 2147,    0,   66,   39
  380,20190824,   21,  220,  127,  296, 2237,    0,   56,   42
  380,20190825,   15,  231,  137,  309, 2133,    0,   58,   41
  380,20190826,   13,  242,  162,  317, 2061,    0,   67,   40
  380,20190827,   16,  254,  175,  332, 2016,    0,   60,   40
  380,20190828,   28,  235,  186,  294, 1537,    0,   63,   30
  380,20190829,   24,  195,  138,  247, 1731,    8,   76,   31
  380,20190830,   15,  180,  113,  249, 2106,    0,   70,   37
  380,20190831,   31,  221,  114,  322, 1997,    0,   59,   38
  380,20190901,   30,  164,  105,  209, 1179,   -1,   70,   20
  380,20190902,   26,  149,   78,  211, 2059,    0,   63,   34
  380,20190903,   33,  157,  101,  191,  802,    0,   74,   13
  380,20190904,   47,  167,  122,  238, 1526,   11,   74,   26
  380,20190905,   33,  125,   77,  173, 1082,   44,   83,   17
  380,20190906,   35,  138,   61,  196, 1875,   -1,   69,   30
  380,20190907,   29,  143,  115,  195, 1202,    2,   80,   20
  380,20190908,   20,  124,   73,  163,  817,   13,   83,   13
  380,20190909,   20,  121,   60,  184, 1579,    0,   74,   24
  380,20190910,   18,  134,   59,  212, 1746,    0,   66,   28
  380,20190911,   43,  152,  111,  184,  658,    6,   76,   11
  380,20190912,   38,  189,  160,  234, 1435,   26,   79,   26
  380,20190913,   30,  170,  112,  217,  772,   -1,   81,   13
  380,20190914,   27,  149,   85,  224, 1824,    0,   68,   30
  380,20190915,   30,  167,   91,  243, 1732,    0,   65,   30
  380,20190916,   23,  153,  120,  209,  607,   13,   83,   10
  380,20190917,   28,  136,   84,  186, 1316,    0,   74,   21
  380,20190918,   25,  114,   42,  183, 1360,    0,   70,   21
  380,20190919,   28,  111,   43,  177, 1582,    0,   67,   24
  380,20190920,   31,  126,   40,  204, 1648,    0,   58,   26
  380,20190921,   38,  165,   71,  261, 1703,    0,   48,   29
  380,20190922,   38,  204,  125,  284, 1317,    7,   60,   24
  380,20190923,   30,  156,  131,  187,  616,   24,   83,   10
  380,20190924,   37,  152,  130,  192,  550,   44,   80,    9
  380,20190925,   47,  153,  126,  175,  609,   -1,   84,   10
  380,20190926,   50,  161,  136,  190,  348,   53,   90,    6
  380,20190927,   50,  154,  125,  203, 1004,   10,   81,   17
  380,20190928,   58,  146,  126,  172,  520,   37,   83,    9
  380,20190929,   81,  153,  131,  178,  379,   91,   83,    6
  380,20190930,   50,  145,  127,  175,  909,   15,   79,   15
  380,20191001,   49,  150,  129,  172,  494,  181,   92,    8
  380,20191002,   33,  100,   78,  143,  932,   40,   86,   14
  380,20191003,   31,  102,   67,  139,  738,    2,   83,   11
  380,20191004,   42,  113,   84,  138,  243,   72,   88,    4
  380,20191005,   32,   99,   87,  126,  593,    1,   82,    9
  380,20191006,   25,  100,   69,  149,  261,  156,   94,    4
  380,20191007,   29,  111,   66,  138,  603,    7,   91,    9
  380,20191008,   48,  126,  111,  147,  295,  111,   93,    5
  380,20191009,   58,  115,   95,  141,  571,    1,   84,    9
  380,20191010,   56,  122,   94,  163,  930,   -1,   77,   14
  380,20191011,   73,  145,  105,  169,  400,   -1,   76,    7
  380,20191012,   53,  161,  128,  191,  838,    2,   78,   14
  380,20191013,   53,  191,  149,  247,  872,   10,   76,   16
  380,20191014,   28,  178,  109,  236,  913,   -1,   76,   16
  380,20191015,   30,  142,  118,  178,  254,   43,   90,    4
  380,20191016,   60,  128,  103,  143,  418,   49,   89,    7
  380,20191017,   43,  137,  121,  155,  422,   27,   91,    7
  380,20191018,   61,  125,  105,  149,  585,   23,   78,    9
  380,20191019,   39,  119,  106,  139,  260,   29,   90,    4
  380,20191020,   34,  109,  103,  116,  117,  113,   97,    2
  380,20191021,   46,  127,  109,  149,  377,    1,   82,    6
  380,20191022,   29,  120,  106,  150,  532,   -1,   85,    8
  380,20191023,   39,  127,  105,  166,  769,    1,   88,   12
  380,20191024,   48,  153,  115,  203,  662,    0,   76,   11
  380,20191025,   62,  141,  113,  163,  786,    0,   77,   13
  380,20191026,   75,  166,  139,  200,  816,   -1,   69,   14
  380,20191027,   29,   86,   28,  152,  396,   68,   89,    6
  380,20191028,   20,   63,   10,  123,  834,    0,   85,   11
  380,20191029,   34,   65,   31,  112,  717,    0,   85,    9
  380,20191030,   36,   39,   12,   78,  471,    0,   86,    6
  380,20191031,   37,   43,   -1,  100,  815,    0,   79,   10
  380,20191101,   36,   95,   21,  135,  192,   46,   93,    3
  380,20191102,   72,  130,  104,  151,  459,   62,   81,    7
  380,20191103,   35,  111,   93,  136,  339,   37,   90,    5
  380,20191104,   43,  100,   83,  129,  318,   42,   88,    5
  380,20191105,   30,   91,   74,  114,  328,    7,   88,    5
  380,20191106,   20,   80,   71,   94,  172,   32,   95,    2
  380,20191107,   44,   76,   51,  103,  250,   25,   87,    3
  380,20191108,   23,   55,   19,  103,  704,    0,   85,    9
  380,20191109,   40,   45,   16,   77,  308,   -1,   88,    4
  380,20191110,   20,   34,  -18,   96,  712,    0,   85,    9
  380,20191111,   54,   55,    6,   80,  267,   13,   85,    3
  380,20191112,   58,   46,   32,   64,  213,   11,   85,    3
  380,20191113,   46,   54,   36,   74,  147,    7,   88,    2
  380,20191114,   31,   52,   21,   87,  262,    2,   82,    3
  380,20191115,   34,   34,   11,   59,  196,    0,   87,    2
  380,20191116,   29,   39,    7,   79,  490,    0,   80,    6
  380,20191117,   28,   26,  -15,   53,  349,   66,   91,    4
  380,20191118,   34,   47,   33,   66,   35,  244,   97,    0
  380,20191119,   28,   38,   -6,   81,  469,    1,   88,    6
  380,20191120,   26,   21,  -13,   67,  578,    0,   85,    7
  380,20191121,   28,   25,  -22,   62,  368,    0,   88,    4
  380,20191122,   43,   71,   47,  107,  492,   -1,   81,    7
  380,20191123,   38,   61,   26,   91,  182,   -1,   82,    2
  380,20191124,   22,   59,   15,   97,  351,    0,   92,    5
  380,20191125,   25,   83,   45,  119,  483,    0,   84,    7
  380,20191126,   45,  106,   89,  119,  168,   -1,   83,    2
  380,20191127,   69,  107,   95,  123,  232,   43,   83,    3
  380,20191128,   66,   91,   80,  105,  109,  117,   93,    2
  380,20191129,   20,   57,   24,   84,  394,   19,   85,    5
  380,20191130,   25,   22,   -2,   73,  482,    0,   93,    6
  380,20191201,   45,   12,  -10,   35,  159,    0,   88,    2
  380,20191202,   28,   20,  -27,   49,  234,   18,   97,    3
  380,20191203,   19,   38,    3,   55,  184,    0,   98,    2
  380,20191204,   15,    8,  -25,   50,  447,    0,   95,    5
  380,20191205,   48,    6,  -22,   42,  423,    0,   91,    5
  380,20191206,   81,   45,   -3,   82,   81,   72,   89,    1
  380,20191207,   53,   86,   80,   92,  142,    1,   83,    2
  380,20191208,   80,   89,   64,  102,  102,   22,   82,    1
  380,20191209,   61,   59,   18,   75,  120,   46,   86,    2
  380,20191210,   61,   38,    7,   65,  373,    0,   80,    5
  380,20191211,   48,   48,   36,   64,  117,   63,   93,    1
  380,20191212,   59,   45,   36,   57,  384,    1,   81,    5
  380,20191213,   57,   51,   32,   63,   67,   71,   90,    1
  380,20191214,   70,   61,   45,   77,  182,   47,   82,    2
  380,20191215,   66,   72,   44,  109,  324,   58,   79,    4
  380,20191216,   32,   79,   57,  107,  100,    4,   90,    1
  380,20191217,   56,  122,   83,  157,  231,   45,   74,    4
  380,20191218,   38,   78,   49,  105,  392,    0,   86,    5
  380,20191219,   49,  128,  103,  154,  372,    0,   69,    6
  380,20191220,   69,  111,   70,  141,  128,   16,   74,    2
  380,20191221,   55,   77,   63,   88,  211,   10,   80,    3
  380,20191222,   50,   80,   67,   94,   72,   95,   89,    1
  380,20191223,   45,   74,   63,   83,  120,    3,   87,    2
  380,20191224,   61,   84,   62,  109,  150,   22,   84,    2
  380,20191225,   30,   66,   40,   86,  124,   42,   94,    2
  380,20191226,   26,   52,   31,   65,  142,   20,   89,    2
  380,20191227,   30,   55,   47,   68,   86,    5,   92,    1
  380,20191228,   18,   19,  -12,   52,  352,    0,   88,    4
  380,20191229,   15,   11,  -28,   63,  253,    0,   79,    3
  380,20191230,   47,   50,    0,  105,  438,    0,   45,    6
  380,20191231,   29,   29,   10,   52,  163,    0,   83,    2
  380,20200101,   19,   -6,  -32,   29,  318,    0,   99,    3
  380,20200102,   45,   35,   -6,   74,  178,   -1,   89,    2
  380,20200103,   58,   75,   35,   94,   71,   49,   92,    1
  380,20200104,   36,   50,   25,   69,  237,    1,   90,    3
  380,20200105,   30,   59,   52,   70,  116,    0,   84,    2
  380,20200106,   40,   54,   36,   85,  458,   10,   74,    6
  380,20200107,   51,   67,   37,   91,  235,   17,   88,    3
  380,20200108,   55,  102,   69,  116,   76,   27,   94,    1
  380,20200109,   68,  113,   99,  123,   87,   52,   90,    1
  380,20200110,   38,   65,   16,  102,  122,   92,   91,    2
  380,20200111,   53,   48,   25,   68,  304,    0,   82,    4
  380,20200112,   69,   60,   30,   82,  139,    3,   85,    2
  380,20200113,   55,   75,   40,  103,  261,   -1,   84,    4
  380,20200114,  103,  102,   89,  122,  130,    2,   74,    2
  380,20200115,   83,  102,   49,  134,  317,    7,   73,    5
  380,20200116,   37,   81,   35,  121,  534,    0,   80,    7
  380,20200117,   50,   82,   40,  104,   95,   15,   78,    1
  380,20200118,   39,   42,   11,   68,  308,   -1,   82,    4
  380,20200119,   28,   27,   -4,   63,  301,   -1,   90,    4
  380,20200120,   14,   21,  -14,   42,  248,    0,   98,    3
  380,20200121,   10,  -14,  -54,   46,  613,    0,   94,    6
  380,20200122,   14,   -4,  -40,   25,  255,   -1,   98,    3
  380,20200123,   30,   14,  -12,   26,  120,    0,   96,    1
  380,20200124,   18,    5,   -2,   10,  128,    0,   92,    1
  380,20200125,   15,   14,   -2,   31,  140,    0,   99,    2
  380,20200126,   39,   60,    6,  105,  506,   -1,   85,    7
  380,20200127,   65,   77,   69,   89,  139,   21,   88,    2
  380,20200128,   71,   48,   26,   77,  320,   37,   81,    4
  380,20200129,   55,   47,   27,   63,  300,    2,   79,    4
  380,20200130,   69,   83,   49,  123,  402,   18,   84,    6
  380,20200131,   66,  116,   99,  128,  209,    2,   84,    3
  380,20200201,   61,  104,   73,  119,  150,  208,   85,    2
  380,20200202,   62,   97,   63,  132,  151,   27,   85,    2
  380,20200203,   50,   91,   49,  110,  272,  115,   85,    4
  380,20200204,   41,   46,   16,   62,  352,   74,   91,    4
  380,20200205,   19,   39,   17,   68,  568,    0,   87,    7
  380,20200206,   24,   29,    4,   67,  448,    0,   85,    5
  380,20200207,   30,   41,  -13,   98,  820,    0,   73,   10
  380,20200208,   45,   85,   37,  117,  341,   -1,   74,    5
  380,20200209,  119,  101,   67,  128,  406,   26,   76,    6
  380,20200210,   95,   75,   36,  107,  342,   64,   74,    5
  380,20200211,   75,   51,   33,   83,  443,    2,   66,    6
  380,20200212,   58,   43,   22,   79,  668,    0,   75,    8
  380,20200213,   59,   59,   27,   86,  279,   57,   83,    4
  380,20200214,   45,   70,   54,   87,  346,    7,   79,    5
  380,20200215,   79,  100,   67,  126,  714,    0,   72,   10
  380,20200216,  117,  125,   73,  169,  410,  113,   73,    6
  380,20200217,   74,   82,   69,  110,  728,    3,   73,   10
  380,20200218,   73,   67,   50,   87,  385,    1,   75,    5
  380,20200219,   52,   56,   33,   75,  597,   76,   79,    8
  380,20200220,   74,   72,   29,  101,  474,   57,   84,    6
  380,20200221,   64,   60,   25,   93,  712,    0,   74,    9
  380,20200222,   84,   77,   45,   98,  237,   23,   78,    3
  380,20200223,   79,   95,   52,  124,   93,   84,   86,    1
  380,20200224,   63,   83,   41,  116,  237,   22,   85,    3
  380,20200225,   60,   69,   37,  104,  760,   34,   77,   10
  380,20200226,   53,   26,    2,   44,  302,   48,   90,    4
  380,20200227,   44,   17,    0,   34,  164,  129,   92,    2
  380,20200228,   62,   37,   -2,   79,  780,   34,   83,    9
  380,20200229,   85,   83,   46,  141,  579,   21,   76,    8
  380,20200301,   68,   65,   41,   95,  723,   28,   76,   10
  380,20200302,   40,   59,   32,   88,  435,   95,   87,    6
  380,20200303,   43,   40,   14,   70,  752,   -1,   85,    9
  380,20200304,   40,   57,   30,   93,  791,    1,   83,   10
  380,20200305,   38,   59,   46,   74,  262,  108,   95,    3
  380,20200306,   37,   52,   38,   79,  261,   90,   92,    3
  380,20200307,   40,   66,   30,   97, 1024,    0,   76,   14
  380,20200308,   67,   78,   63,  102,  467,   60,   84,    6
  380,20200309,   49,   73,   55,  102,  674,    1,   78,    9
  380,20200310,   78,  100,   56,  131,  188,  156,   93,    3
  380,20200311,   67,  122,  113,  145,  424,  209,   92,    7
  380,20200312,   75,   90,   51,  132, 1366,   19,   67,   19
  380,20200313,   50,   66,   30,  104,  702,    2,   77,    9
  380,20200314,   44,   71,   28,  117, 1145,    1,   75,   15
  380,20200315,   49,  101,   63,  147,  923,    0,   70,   14
  380,20200316,   24,  100,   41,  158, 1288,    0,   74,   19
  380,20200317,   30,   93,   40,  143, 1625,    0,   66,   23
  380,20200318,   38,  109,   59,  164, 1595,    0,   72,   24
  380,20200319,   26,  109,   54,  164, 1180,    0,   79,   18
  380,20200320,   61,   69,   37,   87,  360,   27,   88,    5
  380,20200321,   73,   55,   24,  107, 1423,    2,   68,   18
  380,20200322,   69,   49,    2,  103, 1877,    0,   48,   24
  380,20200323,   51,   46,   -5,  109, 1873,    0,   40,   23
  380,20200324,   40,   51,  -14,  118, 1881,    0,   38,   24
  380,20200325,   43,   52,  -33,  121, 1928,    0,   38,   25
  380,20200326,   48,   48,  -31,  117, 1863,    0,   50,   23
  380,20200327,   41,   75,   -5,  144, 1735,    0,   60,   24
  380,20200328,   58,   82,   30,  144, 1755,    0,   64,   24
  380,20200329,   78,   30,   -8,   64,  862,    4,   66,   10
  380,20200330,   31,   33,  -46,   83, 1538,   -1,   64,   18
  380,20200331,   42,   41,   -4,   92, 1771,    0,   66,   22
  380,20200401,   18,   46,  -24,  106, 1988,    0,   57,   25
  380,20200402,   30,   53,  -19,  100, 1435,    0,   70,   18
  380,20200403,   36,   73,   30,  109, 1062,    0,   64,   14
  380,20200404,   27,   86,    7,  148, 2075,    0,   52,   29
  380,20200405,   41,  141,   48,  210, 2113,    0,   41,   34
  380,20200406,   46,  164,  118,  224, 2060,    0,   46,   35
  380,20200407,   30,  144,   78,  201, 1996,    0,   71,   33
  380,20200408,   15,  172,   90,  246, 1883,    0,   49,   33
  380,20200409,   33,  148,   81,  214, 2037,    0,   62,   33
  380,20200410,   43,  134,   61,  207, 2157,    0,   61,   34
  380,20200411,   23,  148,   58,  231, 2132,    0,   53,   35
  380,20200412,   30,  156,   82,  234, 2179,    0,   57,   36
  380,20200413,   61,   79,   22,  119, 1518,    6,   64,   21
  380,20200414,   32,   60,   16,  102, 1333,    0,   59,   17
  380,20200415,   25,   99,   -1,  178, 2141,    0,   55,   31
  380,20200416,   19,  152,   47,  242, 2230,    0,   49,   37
  380,20200417,   41,  136,   65,  212, 2180,    0,   62,   35
  380,20200418,   28,  122,   70,  175, 1232,   -1,   78,   19
  380,20200419,   31,  114,   81,  164,  642,    0,   75,   10
  380,20200420,   73,  133,   51,  203, 2448,    0,   39,   39
  380,20200421,   63,  141,   54,  215, 2482,    0,   38,   40
  380,20200422,   60,  152,   67,  230, 2503,    0,   40,   42
  380,20200423,   25,  157,   68,  236, 2458,    0,   45,   41
  380,20200424,   36,  134,   68,  201, 2172,    0,   59,   35
  380,20200425,   29,   99,   64,  152, 1977,    0,   65,   29
  380,20200426,   18,  114,   26,  186, 2486,    0,   63,   38
  380,20200427,   26,  144,   43,  220, 2364,    0,   56,   39
  380,20200428,   30,  131,   77,  173,  962,   84,   79,   15
  380,20200429,   49,  129,   94,  174, 1234,   59,   76,   19
  380,20200430,   55,  104,   76,  150, 1610,   64,   80,   24
  380,20200501,   47,  101,   68,  150, 1660,   53,   79,   24
  380,20200502,   35,   92,   44,  131, 1366,   96,   80,   20
  380,20200503,   27,  114,   46,  170, 1676,   -1,   69,   25
  380,20200504,   39,  114,   69,  160, 1526,   13,   75,   23
  380,20200505,   47,   95,   46,  150, 2626,    0,   61,   38
  380,20200506,   28,  113,   30,  172, 2739,    0,   53,   41
  380,20200507,   14,  140,   45,  208, 2547,    0,   53,   41
  380,20200508,   21,  154,   71,  220, 2249,    0,   55,   37
  380,20200509,   27,  176,  101,  243, 2303,    0,   56,   40
  380,20200510,   35,  145,   68,  192,  939,    1,   76,   15
  380,20200511,   85,   83,   39,  136, 2115,   -1,   53,   30
  380,20200512,   19,   72,    5,  133, 2141,    0,   64,   29
  380,20200513,   32,   85,   18,  145, 1921,   -1,   62,   27
  380,20200514,   56,   92,   18,  147, 2776,    0,   53,   40
  380,20200515,   40,   98,   25,  161, 2879,    0,   56,   42
  380,20200516,   28,  113,   30,  182, 2490,    0,   61,   38
  380,20200517,   18,  128,   35,  199, 2458,    0,   61,   39
  380,20200518,   30,  158,   73,  232, 2685,    0,   56,   45
  380,20200519,   30,  166,   76,  246, 2580,    0,   58,   44
  380,20200520,   28,  165,  105,  226, 2339,    0,   69,   40
  380,20200521,   15,  203,  102,  280, 2702,    0,   57,   49
  380,20200522,   45,  191,  139,  271, 1194,   14,   68,   21
  380,20200523,   48,  145,  107,  195, 1730,   -1,   55,   28
  380,20200524,   40,  138,   91,  175, 1673,   -1,   71,   27
  380,20200525,   31,  165,  112,  223, 2107,    0,   65,   36
  380,20200526,   27,  169,   88,  233, 2886,    0,   55,   50
  380,20200527,   31,  177,   97,  250, 2481,    0,   54,   43
  380,20200528,   60,  156,   89,  217, 3005,    0,   47,   50
  380,20200529,   38,  165,   79,  231, 2973,    0,   45,   51
  380,20200530,   47,  181,  104,  244, 2964,    0,   39,   52
  380,20200531,   48,  166,   92,  228, 2941,    0,   46,   50
  380,20200601,   39,  197,  108,  263, 2959,    0,   45,   54
  380,20200602,   19,  213,  113,  288, 2775,    0,   42,   52
  380,20200603,   27,  186,  122,  248, 2384,    0,   55,   42
  380,20200604,   30,  124,   93,  145,  449,   41,   87,    7
  380,20200605,   49,  101,   66,  135,  891,   76,   86,   13
  380,20200606,   55,  123,   80,  171, 2066,   39,   64,   32
  380,20200607,   40,  140,  108,  186, 1738,    0,   63,   28
  380,20200608,   26,  137,  110,  183, 1653,   26,   80,   27
  380,20200609,   33,  137,  116,  170,  897,   -1,   78,   14
  380,20200610,   20,  143,  108,  189, 1220,    2,   83,   20
  380,20200611,   31,  159,  123,  203, 1418,    1,   79,   24
  380,20200612,   33,  188,  121,  262, 2094,  164,   74,   37
  380,20200613,   22,  205,  146,  272, 2766,   20,   70,   51
  380,20200614,   31,  184,  154,  244, 1237,   18,   74,   22
  380,20200615,   23,  197,  147,  242, 1871,    6,   70,   34
  380,20200616,   26,  185,  154,  227, 1466,    3,   74,   26
  380,20200617,   28,  178,  133,  237, 1834,  326,   81,   32
  380,20200618,   28,  169,  130,  231, 1713,   15,   79,   29
  380,20200619,   33,  175,  124,  225, 2509,   -1,   71,   44
  380,20200620,   21,  177,  127,  222, 2733,    0,   65,   48
  380,20200621,   33,  192,  116,  258, 2330,   69,   65,   42
  380,20200622,   22,  172,  118,  232, 2257,   -1,   75,   39
  380,20200623,   23,  205,  121,  259, 2961,    0,   60,   54
  380,20200624,   41,  230,  148,  288, 3005,    0,   51,   58
  380,20200625,   46,  236,  178,  289, 2970,    0,   53,   57
  380,20200626,   26,  233,  177,  303, 2487,   39,   63,   48
  380,20200627,   56,  218,  185,  267, 1813,   -1,   67,   34
  380,20200628,   42,  179,  130,  218, 1624,    8,   65,   28
  380,20200629,   47,  161,  124,  204, 2230,   12,   64,   38
  380,20200630,   60,  176,  127,  214, 1607,   -1,   64,   28
  380,20200701,   43,  178,  141,  210, 1008,  261,   87,   18
  380,20200702,   36,  166,  120,  213, 1642,   -1,   74,   28
  380,20200703,   45,  167,  125,  216, 1600,    0,   72,   27
  380,20200704,   64,  183,  141,  214, 1233,   11,   73,   22
  380,20200705,   66,  191,  133,  230, 1058,    7,   76,   19
  380,20200706,   45,  148,  116,  193, 2025,    2,   68,   33
  380,20200707,   26,  158,   94,  211, 1681,    1,   69,   28
  380,20200708,   30,  145,  114,  170,  563,  108,   93,    9
  380,20200709,   35,  190,  161,  228, 1342,    3,   79,   24
  380,20200710,   41,  164,  108,  197, 1355,    7,   77,   23
  380,20200711,   19,  145,   88,  200, 2111,   -1,   73,   34
  380,20200712,   28,  159,   93,  215, 2598,    0,   66,   44
  380,20200713,   20,  183,  100,  247, 2836,    0,   57,   50
  380,20200714,   27,  161,  106,  211, 1364,   32,   75,   23
  380,20200715,   23,  164,  121,  212, 2169,   -1,   69,   37
  380,20200716,   23,  153,  140,  178,  594,   18,   88,   10
  380,20200717,   14,  173,  130,  208, 1284,    0,   81,   22
  380,20200718,   15,  207,  130,  270, 2567,    0,   68,   47
  380,20200719,   28,  205,  151,  269, 2451,    0,   66,   45
  380,20200720,   33,  169,  119,  223, 1942,   14,   69,   33
  380,20200721,   25,  160,  101,  218, 2770,    0,   63,   47
  380,20200722,   26,  159,   85,  220, 2491,    0,   63,   42
  380,20200723,   16,  192,   94,  256, 2656,    0,   54,   48
  380,20200724,   31,  189,  136,  247, 1859,   -1,   68,   33
  380,20200725,   33,  202,  143,  253,  930,    9,   69,   17
  380,20200726,   40,  182,  142,  229, 1892,   72,   75,   33
  380,20200727,   32,  211,  136,  291, 1629,   -1,   57,   30
  380,20200728,   45,  190,  134,  230, 1954,    0,   62,   35
  380,20200729,   29,  173,  108,  233, 2447,    0,   62,   42
  380,20200730,   21,  209,  109,  283, 2596,    0,   50,   48
  380,20200731,   26,  272,  148,  362, 2650,    0,   38,   54
  380,20200801,   32,  244,  192,  297, 1987,   -1,   57,   39
  380,20200802,   25,  185,  129,  238, 1281,    0,   68,   23
  380,20200803,   22,  167,  104,  239, 2050,    0,   65,   35
  380,20200804,   20,  179,  125,  241, 2390,    0,   57,   42
  380,20200805,   32,  222,  115,  300, 2580,    0,   40,   49
  380,20200806,   22,  251,  163,  323, 2416,    0,   38,   48
  380,20200807,   22,  271,  183,  346, 2491,    0,   39,   51
  380,20200808,   21,  287,  187,  364, 2405,    0,   38,   50
  380,20200809,   27,  247,  197,  300, 1288,   21,   62,   25
  380,20200810,   30,  274,  186,  342, 2111,    0,   52,   43
  380,20200811,   24,  264,  197,  348, 1647,   18,   59,   33
  380,20200812,   32,  249,  199,  343, 1905,   96,   67,   38
  380,20200813,   25,  250,  199,  326, 1965,    2,   66,   39
  380,20200814,   30,  234,  185,  287, 1930,   -1,   66,   37
  380,20200815,   18,  213,  168,  255, 1057,   -1,   80,   20
  380,20200816,   22,  217,  171,  294, 1474,   59,   79,   28
  380,20200817,   26,  209,  168,  270, 1602,   25,   69,   30
  380,20200818,   25,  189,  156,  254, 1505,   12,   74,   27
  380,20200819,   35,  220,  143,  289, 1842,   -1,   62,   35
  380,20200820,   36,  258,  191,  318, 1659,    3,   60,   33
  380,20200821,   50,  247,  197,  299, 1473,   11,   59,   29
  380,20200822,   48,  197,  159,  254, 1521,   16,   63,   28
  380,20200823,   50,  173,  151,  217, 1161,    6,   75,   20
  380,20200824,   44,  171,  143,  216, 1464,   -1,   71,   25
  380,20200825,   49,  183,  134,  239,  823,   23,   72,   15
  380,20200826,   70,  174,  142,  194,  655,    3,   68,   11
  380,20200827,   30,  173,  125,  228, 1629,   15,   71,   28
  380,20200828,   53,  170,  127,  225, 1337,   -1,   70,   23
  380,20200829,   35,  153,  103,  212, 1261,    4,   74,   21
  380,20200830,   35,  147,   99,  214, 1255,  143,   85,   21
  380,20200831,   33,  143,  114,  180,  743,   63,   82,   12
  380,20200901,   23,  143,   87,  182, 1089,    0,   72,   18
  380,20200902,   14,  156,  100,  218, 1837,    0,   70,   31
  380,20200903,   45,  168,  115,  207,  554,   11,   76,    9
  380,20200904,   31,  182,  157,  201,  494,   19,   86,    9
  380,20200905,   28,  147,   85,  201, 1490,   29,   74,   24
  380,20200906,   25,  139,   83,  201, 1517,    0,   70,   24
  380,20200907,   26,  149,   81,  216, 1816,    0,   68,   30
  380,20200908,   33,  165,  116,  215, 1158,    0,   79,   20
  380,20200909,   35,  185,  137,  246, 1135,    1,   81,   20
  380,20200910,   23,  157,   99,  205, 1906,    0,   64,   32
  380,20200911,   15,  162,   81,  238, 1539,    0,   70,   26
  380,20200912,   28,  157,  101,  215, 1699,    0,   73,   28
  380,20200913,   24,  179,  109,  256, 1751,    0,   69,   31
  380,20200914,   18,  225,  114,  316, 1650,    0,   56,   31
  380,20200915,   20,  253,  177,  343, 1593,    0,   48,   32
  380,20200916,   40,  218,  156,  284, 1540,    0,   64,   29
  380,20200917,   58,  150,  105,  204, 1657,    0,   62,   27
  380,20200918,   47,  163,   85,  247, 1638,    0,   57,   28
  380,20200919,   27,  185,  109,  269, 1572,    0,   53,   28
  380,20200920,   30,  163,   93,  250, 1503,    0,   55,   26
  380,20200921,   15,  161,   69,  249, 1595,    0,   60,   27
  380,20200922,   21,  168,   86,  258, 1516,    0,   60,   26
  380,20200923,   50,  179,  112,  249, 1087,   55,   63,   19
  380,20200924,   56,  146,  111,  191, 1383,   45,   69,   23
  380,20200925,   58,  104,   85,  140,  850,   64,   84,   13
  380,20200926,   40,  113,   89,  146,  413,  171,   84,    6
  380,20200927,   39,  118,   88,  138,  572,   92,   88,    9
  380,20200928,   37,  108,  102,  116,  235,   56,   92,    4
  380,20200929,   30,  147,  116,  188, 1050,   42,   86,   17
  380,20200930,   29,  160,  133,  199,  767,    1,   85,   13
  380,20201001,   37,  133,   92,  157,  319,   33,   82,    5
  380,20201002,   45,  127,   87,  161,  365,   11,   84,    6
  380,20201003,   32,  120,   85,  143,  285,   62,   87,    4
  380,20201004,   65,  118,  103,  149,  710,   11,   76,   11
  380,20201005,   59,  120,   98,  140,  450,   20,   81,    7
  380,20201006,   68,  124,  110,  152,  657,   28,   84,   10
  380,20201007,   48,  120,   95,  156,  555,    9,   80,    9
  380,20201008,   65,  137,   95,  172,  341,   55,   86,    5
  380,20201009,   22,  124,   96,  164,  623,   26,   85,   10
  380,20201010,   42,   96,   70,  129,  907,   17,   80,   13
  380,20201011,   23,   91,   70,  137,  817,   14,   87,   12
  380,20201012,   24,   96,   73,  139,  746,   25,   86,   11
  380,20201013,   31,   91,   44,  129,  629,    0,   79,    9
  380,20201014,   46,   80,   34,  114,  466,   -1,   84,    6
  380,20201015,   51,   87,   74,  102,  388,   -1,   81,    5
  380,20201016,   34,   87,   63,  117,  607,    0,   83,    9
  380,20201017,   12,   79,   44,  104,  422,    0,   82,    6
  380,20201018,   31,   89,   44,  125,  505,   23,   86,    7
  380,20201019,   27,   92,   52,  147,  792,    0,   80,   11
  380,20201020,   46,  130,   76,  159,  225,   16,   78,    4
  380,20201021,   73,  164,  121,  213,  584,   33,   71,   10
  380,20201022,   41,  154,  136,  189,  461,  113,   86,    8
  380,20201023,   25,  141,  121,  162,  283,  277,   93,    5
  380,20201024,   69,  139,  119,  152,  367,    0,   80,    6
  380,20201025,   63,  123,  102,  151,  145,   34,   84,    2
  380,20201026,   53,  100,   87,  125,  406,   16,   80,    6
  380,20201027,   71,  104,   80,  120,  412,    3,   79,    6
  380,20201028,   68,  115,   86,  143,  694,   58,   80,   11
  380,20201029,   55,  108,   84,  134,  282,   56,   87,    4
  380,20201030,   61,  140,  130,  153,  219,   -1,   82,    4
  380,20201031,   48,  139,  106,  167,  727,    5,   77,   12
  380,20201101,   63,  150,  111,  175,  247,   11,   84,    4
  380,20201102,   79,  162,  101,  198,  289,   33,   79,    5
  380,20201103,   52,   88,   55,  129,  622,   -1,   78,    9
  380,20201104,   23,   61,   25,  114,  737,    0,   85,   10
  380,20201105,   19,   49,   -9,  105,  742,    0,   84,    9
  380,20201106,   33,   64,   18,  123,  765,    0,   71,   10
  380,20201107,   25,   98,   23,  162,  642,    0,   76,    9
  380,20201108,   18,  113,   49,  157,  278,    5,   84,    4
  380,20201109,   18,  135,  104,  174,  327,    1,   84,    5
  380,20201110,   21,  127,   90,  167,  601,    9,   90,    9
  380,20201111,   25,  115,   91,  157,  590,    0,   87,    9
  380,20201112,   47,  105,   70,  136,  424,   -1,   78,    6
  380,20201113,   45,  111,   62,  140,  305,    2,   83,    5
  380,20201114,   51,  135,  118,  158,  550,   -1,   77,    9
  380,20201115,   75,  131,   84,  172,  328,   55,   73,    5
  380,20201116,   60,  100,   87,  125,  225,    8,   86,    3
  380,20201117,   65,  111,   97,  122,  219,    0,   83,    3
  380,20201118,   48,  125,   74,  165,  598,    0,   70,    9
  380,20201119,   43,   80,   37,  138,  144,   20,   83,    2
  380,20201120,   26,   40,   14,   73,  360,    3,   85,    4
  380,20201121,   65,   66,   18,   94,  338,    0,   76,    4
  380,20201122,   45,   83,   75,   88,   66,   22,   93,    1
  380,20201123,   20,   76,   45,  100,  384,    0,   88,    5
  380,20201124,   27,   73,   37,  112,  483,    0,   82,    7
  380,20201125,   38,   70,   11,  103,  389,    0,   80,    5
  380,20201126,   22,   77,   39,  120,  319,    0,   84,    4
  380,20201127,   20,   51,   30,   94,  377,    0,   90,    5
  380,20201128,   35,   47,   17,   86,  393,    0,   89,    5
  380,20201129,   36,    4,  -39,   32,  456,    0,   86,    5
  380,20201130,   48,   17,  -25,   43,  201,   60,   90,    2
  380,20201201,   40,   67,   43,   79,   93,   91,   94,    1
  380,20201202,   20,   54,   49,   61,   64,   -1,   95,    1
  380,20201203,   57,   53,   48,   61,  111,    5,   82,    1
  380,20201204,   55,   55,    4,   80,  321,   -1,   74,    4
  380,20201205,   31,   27,   -7,   63,  373,    0,   79,    4
  380,20201206,   20,   18,   -6,   33,  132,    1,   94,    1
  380,20201207,   32,   24,    1,   51,  192,   18,   89,    2
  380,20201208,   18,   14,  -11,   40,  223,   -1,   90,    2
  380,20201209,   30,   10,  -17,   39,  404,    0,   89,    4
  380,20201210,   21,    5,  -13,   27,  199,    0,   85,    2
  380,20201211,   32,   35,  -19,   63,  135,   36,   86,    2
  380,20201212,   30,   73,   58,   84,   87,   31,   95,    1
  380,20201213,   47,   70,   61,   85,  305,    7,   82,    4
  380,20201214,   50,   94,   71,  115,  185,   46,   83,    3
  380,20201215,   33,   83,   55,   96,   78,   70,   94,    1
  380,20201216,   29,   82,   44,  110,  225,    0,   86,    3
  380,20201217,   51,   90,   63,  107,  325,    8,   81,    5
  380,20201218,   45,   80,   62,  116,  406,    0,   80,    6
  380,20201219,   50,   99,   62,  127,  243,   -1,   80,    4
  380,20201220,   42,   90,   58,  113,  210,    0,   82,    3
  380,20201221,   65,   86,   55,  128,   82,   56,   85,    1
  380,20201222,   52,  126,  110,  139,  152,   32,   90,    2
  380,20201223,   49,  111,   87,  122,   54,  126,   89,    1
  380,20201224,   41,   52,   29,   90,   64,   42,   89,    1
  380,20201225,   27,   26,    2,   53,  322,    0,   88,    4
  380,20201226,   64,   32,    8,   51,  259,    0,   83,    3
  380,20201227,  104,   43,   33,   55,   55,   45,   83,    1
  380,20201228,   31,   29,    5,   48,  209,   17,   86,    2
  380,20201229,   33,   21,  -13,   44,  120,    0,   88,    1
  380,20201230,   42,   34,    8,   45,   96,   14,   88,    1
  380,20201231,   21,   25,   20,   36,   94,   86,   93,    1
  380,20210101,   23,   20,    1,   36,  238,   -1,   92,    3
  380,20210102,   28,   16,   -1,   26,  131,    6,   93,    1
  380,20210103,   46,   21,   15,   27,   69,   -1,   88,    1
  380,20210104,   47,   15,   11,   21,   72,   -1,   90,    1
  380,20210105,   45,   17,   12,   23,   83,   -1,   90,    1
  380,20210106,   33,   20,    8,   28,   71,    1,   91,    1
  380,20210107,   32,   14,    5,   25,   75,   31,   94,    1
  380,20210108,   20,    9,  -17,   25,   80,   65,   96,    1
  380,20210109,   16,   -1,   -6,    8,  168,    2,   98,    2
  380,20210110,   23,    5,  -14,   37,  282,    0,   93,    3
  380,20210111,   63,   21,   -7,   48,  106,    8,   86,    1
  380,20210112,   47,   46,    6,   76,  152,  175,   89,    2
  380,20210113,   36,   25,   -5,   50,  384,   -1,   89,    4
  380,20210114,   36,   12,  -14,   36,  223,   28,   85,    2
  380,20210115,   28,   -2,  -23,   10,  126,    0,   86,    1
  380,20210116,   36,   -2,  -13,   13,  164,   17,   85,    2
  380,20210117,   35,   28,   -8,   54,  148,   31,   95,    2
  380,20210118,   49,   44,   25,   65,  298,    1,   88,    4
  380,20210119,   85,   55,   36,   73,   47,   64,   86,    1
  380,20210120,   80,   90,   52,  115,  346,   -1,   62,    5
  380,20210121,   90,   79,   35,  118,  403,   74,   76,    6
  380,20210122,   40,   39,   10,   92,  403,   28,   83,    5
  380,20210123,   38,   35,    0,   64,  402,   37,   83,    5
  380,20210124,   39,    8,    0,   24,  371,   62,   90,    4
  380,20210125,   30,   10,   -2,   23,  361,   32,   91,    4
  380,20210126,   46,   28,   12,   54,  341,   -1,   80,    4
  380,20210127,   53,   31,    9,   48,   80,    8,   92,    1
  380,20210128,   44,   79,   42,  107,   86,  211,   95,    1
  380,20210129,   50,   87,   71,  103,  222,  223,   89,    3
  380,20210130,   58,   15,    0,   74,  171,  123,   93,    2
  380,20210131,   45,    4,  -18,   22,  311,   21,   88,    3
  380,20210201,   25,   34,   18,   52,  193,    8,   96,    2
  380,20210202,   44,   77,   34,  112,  130,   65,   90,    2
  380,20210203,   55,   94,   72,  124,  264,  127,   87,    4
  380,20210204,   34,   76,   47,  108,  635,    8,   81,    9
  380,20210205,   23,   79,   58,  107,  371,    0,   85,    5
  380,20210206,   54,   49,   11,   76,  212,  146,   94,    3
  380,20210207,   61,  -13,  -36,   16,  100,   90,   94,    1
  380,20210208,   67,  -55,  -71,  -35,  277,    1,   85,    2
  380,20210209,   51,  -70,  -97,  -43,  864,   -1,   74,    7
  380,20210210,   49,  -62, -105,  -26,  689,   -1,   77,    6
  380,20210211,   30,  -50,  -96,   -9, 1056,    0,   76,    9
  380,20210212,   50,  -56,  -86,  -19,  854,    0,   70,    7
  380,20210213,   47,  -41,  -83,    2, 1009,    0,   61,    9
  380,20210214,   43,    8,  -81,   76,  962,    0,   40,   11
  380,20210215,   56,   47,   23,   67,  248,   13,   70,    3
  380,20210216,   54,   88,   52,  143,  718,   20,   77,   10
  380,20210217,   59,   90,   72,  119,  517,   -1,   79,    7
  380,20210218,   50,   84,   49,  125,  297,   24,   74,    4
  380,20210219,   45,   79,   35,  116,  857,    0,   76,   12
  380,20210220,   52,  127,   93,  174,  940,    0,   63,   15
  380,20210221,   40,  134,   90,  184, 1092,    0,   50,   17
  380,20210222,   41,  141,  117,  182,  599,    0,   47,   10
  380,20210223,   55,  146,  108,  183,  724,    0,   63,   12
  380,20210224,   42,  145,  107,  193, 1070,    0,   66,   17
  380,20210225,   32,  136,   95,  188, 1016,   14,   68,   16
  380,20210226,   31,   71,   29,  108,  839,   35,   75,   11
  380,20210227,   30,   48,   10,   89,  892,    0,   83,   11
  380,20210228,   41,   62,   21,  111, 1236,    0,   76,   16
  380,20210301,   44,   54,   10,  129, 1113,    0,   82,   14
  380,20210302,   24,   98,   12,  165, 1243,    0,   62,   18
  380,20210303,   28,  110,   65,  163, 1063,    2,   63,   16
  380,20210304,   25,   51,   27,   87,  176,  238,   94,    2
  380,20210305,   45,   22,  -13,   58, 1430,   -1,   63,   16
  380,20210306,   31,   14,  -42,   66, 1410,    0,   66,   16
  380,20210307,   23,   11,  -36,   64, 1212,    0,   77,   13
  380,20210308,   16,   40,   -3,   78, 1163,    0,   71,   14
  380,20210309,   27,   44,   26,   62,  189,   27,   90,    2
  380,20210310,   58,   70,   28,  105,  654,    4,   76,    9
  380,20210311,   98,   93,   55,  133,  917,   27,   70,   13
  380,20210312,   77,   66,   53,   94,  593,   31,   77,    8
  380,20210313,   81,   63,   17,   93,  749,  120,   76,   10
  380,20210314,   48,   49,   27,   89,  696,    4,   81,    9
  380,20210315,   49,   58,   41,   86,  888,   39,   83,   12
  380,20210316,   25,   47,   37,   65,  422,   94,   90,    5
  380,20210317,   37,   42,   24,   67,  497,   25,   88,    6
  380,20210318,   24,   35,    0,   65,  781,   -1,   86,    9
  380,20210319,   55,   42,    1,   84, 1572,    0,   69,   19
  380,20210320,   24,   37,  -21,   89, 1701,    0,   68,   21
  380,20210321,   40,   57,   40,   79,  645,    2,   78,    8
  380,20210322,   22,   52,   25,   79,  588,   -1,   77,    7
  380,20210323,   30,   72,   26,  123, 1391,    0,   72,   19
  380,20210324,   35,   94,   25,  158, 1724,    0,   66,   25
  380,20210325,   33,   81,   33,  122,  923,   -1,   81,   13
  380,20210326,   57,  103,   54,  148, 1447,    3,   67,   21
  380,20210327,   57,   69,   34,  110, 1440,   13,   65,   19
  380,20210328,   53,   99,   50,  146, 1619,    0,   63,   24
  380,20210329,   46,  136,   77,  203, 1910,    0,   49,   31
  380,20210330,   23,  147,   45,  231, 1918,    0,   44,   31
  380,20210331,   23,  168,   84,  242, 1900,    0,   46,   33
  380,20210401,   41,  132,   46,  206, 1740,    0,   63,   28
  380,20210402,   48,   58,   29,  101, 1156,   -1,   76,   15
  380,20210403,   40,   69,   30,  115, 1475,    0,   68,   20
  380,20210404,   23,   57,   26,   97, 1086,    0,   72,   14
  380,20210405,   58,   29,   -8,   67,  809,   23,   80,   10
  380,20210406,   38,    3,   -7,   28,  799,   83,   93,    9
  380,20210407,   50,   16,   -8,   59,  714,   34,   80,    8
  380,20210408,   33,   43,    4,   88, 1537,   -1,   63,   19
  380,20210409,   37,   88,   28,  141, 1645,   12,   61,   23
  380,20210410,   20,   83,   57,  102,  374,  121,   93,    5
  380,20210411,   34,   39,    6,   73,  416,   89,   84,    5
  380,20210412,   28,   25,  -14,   71, 1253,    1,   81,   15
  380,20210413,   22,   38,  -29,   96, 1761,    0,   68,   21
  380,20210414,   28,   43,  -15,   95, 1555,   -1,   66,   19
  380,20210415,   28,   43,  -18,   93, 1389,    0,   70,   17
  380,20210416,   38,   62,   -9,  117, 1716,    0,   60,   23
  380,20210417,   40,   73,   13,  130, 2008,    0,   65,   27
  380,20210418,   26,   88,   15,  147, 1740,    0,   66,   25
  380,20210419,   18,   74,   33,  111,  823,    1,   86,   11
  380,20210420,   13,  108,   33,  170, 1712,    0,   68,   26
  380,20210421,   40,  101,   38,  165, 1721,    0,   67,   25
  380,20210422,   40,   70,   10,  125, 2453,    0,   64,   33
  380,20210423,   30,   76,    2,  138, 2521,    0,   66,   35
  380,20210424,   53,   81,   20,  141, 2377,    0,   61,   33
  380,20210425,   48,   63,   10,  117, 2232,    0,   65,   29
  380,20210426,   44,   80,   -5,  144, 2587,    0,   55,   36
  380,20210427,   38,   94,   12,  160, 2552,    0,   49,   37
  380,20210428,   30,  127,   25,  198, 2254,    0,   48,   35
  380,20210429,   44,   76,   24,  115,  722,    1,   75,   10
  380,20210430,   27,   74,    9,  127, 1642,    0,   72,   22
  380,20210501,   23,   74,    4,  126, 1623,    0,   68,   22
  380,20210502,   27,   69,   26,  118, 1427,    1,   67,   19
  380,20210503,   55,   94,    8,  142, 1912,    0,   56,   28
  380,20210504,   92,   94,   49,  139, 1352,   32,   69,   19
  380,20210505,   46,   71,   31,  118, 1867,   11,   70,   25
  380,20210506,   31,   71,   36,  116, 1470,    5,   76,   20
  380,20210507,   33,   73,   16,  135, 1810,   -1,   67,   25
  380,20210508,   50,  126,   40,  185, 1137,   -1,   60,   18
  380,20210509,   48,  210,  129,  272, 1990,   -1,   52,   37
  380,20210510,   58,  174,  125,  221, 1531,    3,   61,   27
  380,20210511,   22,  135,  105,  164,  737,    4,   83,   12
  380,20210512,   28,  127,   83,  178, 2158,    0,   71,   34
  380,20210513,   20,  116,   59,  179, 1394,   25,   78,   21
  380,20210514,   29,  109,   52,  174, 1839,   24,   81,   28
  380,20210515,   44,  108,   79,  150, 1369,   31,   83,   20
  380,20210516,   43,  114,   78,  170, 1800,   36,   79,   27
  380,20210517,   49,  114,   97,  152, 1190,   42,   82,   18
  380,20210518,   39,  124,   89,  174, 2079,    3,   71,   32
  380,20210519,   31,  103,   62,  151, 1348,   82,   84,   20
  380,20210520,   47,  123,   78,  159, 1629,   -1,   71,   25
  380,20210521,   77,  132,   86,  176, 2255,    1,   61,   36
  380,20210522,   73,  101,   82,  116,  582,   40,   80,    9
  380,20210523,   53,  121,   82,  157, 1910,   12,   65,   29
  380,20210524,   58,  114,   72,  156, 1076,   36,   75,   16
  380,20210525,   44,   87,   63,  139,  803,  181,   88,   11
  380,20210526,   39,  108,   81,  155, 1537,    9,   78,   23
  380,20210527,   38,  109,   68,  150,  844,   -1,   81,   13
  380,20210528,   24,  121,   44,  182, 2429,    0,   74,   38
  380,20210529,   30,  140,   65,  202, 2932,    0,   67,   47
  380,20210530,   41,  155,   67,  216, 3001,    0,   62,   50
  380,20210531,   32,  174,   94,  232, 2805,    0,   57,   49
  380,20210601,   41,  192,  113,  252, 3019,    0,   46,   54
  380,20210602,   27,  214,  129,  288, 2846,    8,   49,   53
  380,20210603,   26,  206,  170,  253, 1592,   53,   78,   29
  380,20210604,   23,  201,  156,  264, 1948,   16,   81,   36
  380,20210605,   27,  155,  138,  171,  353,   -1,   93,    6
  380,20210606,   21,  157,  127,  196, 1122,    1,   80,   19
  380,20210607,   22,  168,  118,  207, 1812,    0,   74,   31
  380,20210608,   19,  192,  113,  248, 2978,    0,   63,   53
  380,20210609,   22,  201,  131,  262, 2601,    0,   63,   47
  380,20210610,   25,  208,  125,  267, 2831,    0,   59,   52
  380,20210611,   25,  209,  139,  266, 2710,    0,   68,   50
  380,20210612,   35,  174,  113,  225, 1558,    0,   73,   27
  380,20210613,   19,  170,   90,  231, 2987,    0,   60,   51
  380,20210614,   22,  215,  110,  286, 2993,    0,   51,   56
  380,20210615,   35,  205,  147,  258, 2750,    0,   63,   51
  380,20210616,   22,  243,  167,  307, 2786,    0,   56,   54
  380,20210617,   31,  263,  208,  316, 2455,    0,   54,   49
  380,20210618,   41,  261,  215,  330, 2413,   -1,   59,   48
  380,20210619,   40,  227,  186,  278, 2634,   63,   69,   50
  380,20210620,   40,  214,  173,  259, 2265,   61,   71,   42
  380,20210621,   45,  163,  141,  186, 1005,  122,   85,   17
  380,20210622,   54,  134,  119,  147,  583,   86,   87,    9
  380,20210623,   35,  142,  116,  171,  855,   -1,   83,   14
  380,20210624,   24,  162,  126,  205, 1585,    0,   80,   27
  380,20210625,   30,  173,  106,  224, 2345,    0,   71,   41
  380,20210626,   22,  205,  139,  257, 2580,    0,   61,   47
  380,20210627,   31,  196,  158,  261, 1400,  172,   77,   25
  380,20210628,   18,  202,  154,  241, 1757,   44,   84,   32
  380,20210629,   33,  186,  144,  242, 2181,  872,   83,   39
  380,20210630,   31,  141,  125,  164,  719,  136,   94,   12
  380,20210701,   28,  137,  100,  167,  931,   13,   85,   15
  380,20210702,   25,  176,  108,  232, 2555,    0,   73,   45
  380,20210703,   19,  197,  137,  250, 1489,   62,   76,   27
  380,20210704,   22,  174,  145,  221, 1477,   52,   86,   26
  380,20210705,   27,  168,  136,  192, 1193,   41,   85,   20
  380,20210706,   62,  185,  137,  218, 1755,    1,   69,   31
  380,20210707,   38,  184,  138,  231, 1950,    0,   68,   34
  380,20210708,   17,  177,  130,  228, 1384,   -1,   79,   24
  380,20210709,   21,  180,  140,  227, 2050,    0,   76,   36
  380,20210710,   20,  178,  139,  235, 1663,   63,   80,   29
  380,20210711,   20,  182,  147,  227, 2015,   -1,   78,   36
  380,20210712,   17,  192,  145,  239, 1353,   10,   80,   24
  380,20210713,   29,  181,  172,  197,  407,  244,   95,    7
  380,20210714,   51,  171,  164,  182,  182,  405,   97,    3
  380,20210715,   42,  174,  160,  184,  351,  131,   97,    6
  380,20210716,   27,  165,  148,  188,  873,   23,   87,   15
  380,20210717,   37,  196,  153,  250, 2334,    0,   75,   42
  380,20210718,   27,  206,  136,  272, 2718,    0,   75,   50
  380,20210719,   30,  184,  140,  229, 2323,    0,   75,   41
  380,20210720,   26,  176,  118,  225, 2687,    0,   71,   47
  380,20210721,   23,  189,  118,  241, 2640,    0,   66,   47
  380,20210722,   23,  192,  126,  247, 2047,    0,   71,   37
  380,20210723,   36,  187,  120,  240, 2652,    0,   70,   47
  380,20210724,   27,  181,  147,  209,  615,   46,   86,   11
  380,20210725,   31,  199,  138,  265, 2352,    2,   76,   43
  380,20210726,   40,  190,  161,  242, 1887,   23,   80,   34
  380,20210727,   40,  184,  152,  241, 1439,   50,   81,   25
  380,20210728,   51,  184,  148,  226, 2010,   56,   73,   36
  380,20210729,   49,  171,  138,  217, 1919,    3,   69,   33
  380,20210730,   56,  188,  131,  246, 1894,    0,   64,   34
  380,20210731,   52,  170,  137,  212, 1445,   -1,   75,   25
  380,20210801,   32,  153,  127,  201, 1135,   72,   88,   19
  380,20210802,   15,  151,  127,  192, 1271,   20,   83,   21
  380,20210803,   17,  145,  113,  183,  913,   82,   89,   15
  380,20210804,   13,  166,  100,  223, 1748,    0,   77,   30
  380,20210805,   19,  187,  145,  230, 1529,    4,   75,   27
  380,20210806,   50,  175,  148,  216, 1423,  175,   84,   25
  380,20210807,   47,  173,  143,  223, 1544,   22,   78,   27
  380,20210808,   56,  158,  139,  198, 1466,   34,   76,   25
  380,20210809,   41,  164,  135,  209, 1407,  142,   81,   24
  380,20210810,   28,  170,  131,  225, 1624,   76,   87,   28
  380,20210811,   19,  180,  129,  235, 1910,    0,   82,   34
  380,20210812,   16,  202,  130,  267, 1858,    0,   73,   34
  380,20210813,   25,  195,  148,  247, 1908,    0,   75,   34
  380,20210814,   26,  185,  121,  244, 2416,    0,   72,   43
  380,20210815,   33,  204,  134,  270, 1973,    0,   71,   36
  380,20210816,   48,  145,  116,  181,  673,   33,   86,   11
  380,20210817,   41,  135,  105,  165,  633,   50,   91,   10
  380,20210818,   35,  165,  144,  192,  734,   10,   87,   13
  380,20210819,   36,  168,  145,  189,  784,   -1,   81,   13
  380,20210820,   25,  175,  138,  226, 1197,   17,   83,   21
  380,20210821,   17,  197,  134,  252, 1895,   74,   76,   34
  380,20210822,   38,  174,  160,  211,  996,   15,   87,   17
  380,20210823,   34,  172,  129,  212,  832,   43,   88,   14
  380,20210824,   43,  158,  107,  216, 2113,    0,   72,   35
  380,20210825,   25,  161,   89,  217, 2146,    0,   72,   36
  380,20210826,   32,  152,  118,  182, 1004,   41,   83,   17
  380,20210827,   31,  143,  105,  192, 1110,    8,   84,   18
  380,20210828,   41,  157,  121,  201,  971,    4,   85,   16
  380,20210829,   33,  148,  120,  160,  333,   66,   93,    5
  380,20210830,   35,  166,  142,  196,  689,   11,   89,   12
  380,20210831,   33,  158,  130,  210, 1098,    0,   85,   18
  380,20210901,   20,  148,  134,  167,  536,   -1,   79,    9
  380,20210902,   32,  160,   91,  221, 1992,    0,   78,   34
  380,20210903,   33,  180,  108,  248, 1993,    0,   76,   35
  380,20210904,   37,  157,  120,  209, 1347,    0,   89,   23
  380,20210905,   21,  181,  115,  246, 1886,    0,   81,   33
  380,20210906,   15,  182,  115,  248, 1740,    0,   75,   31
  380,20210907,   23,  193,  124,  258, 1765,    0,   68,   32
  380,20210908,   28,  204,  137,  269, 1840,    0,   66,   34
  380,20210909,   35,  204,  147,  263, 1356,    0,   76,   25
  380,20210910,   35,  193,  177,  220,  837,   64,   88,   15
  380,20210911,   33,  175,  153,  202,  780,   -1,   85,   14
  380,20210912,   23,  169,  126,  215, 1505,    0,   79,   26
  380,20210913,   28,  163,  113,  215, 1523,    0,   81,   26
  380,20210914,   17,  186,  112,  241,  998,   -1,   80,   18
  380,20210915,   26,  180,  128,  214,  528,   19,   89,    9
  380,20210916,   20,  154,  105,  209, 1187,    1,   82,   20
  380,20210917,   22,  163,  122,  220, 1350,    0,   81,   23
  380,20210918,   24,  163,  101,  224, 1556,    0,   79,   26
  380,20210919,   29,  151,  108,  210, 1461,    0,   78,   24
  380,20210920,   35,  128,   77,  182, 1345,    0,   76,   21
  380,20210921,   23,  133,   86,  178, 1450,    0,   67,   23
  380,20210922,   14,  129,   68,  196, 1349,    0,   75,   21
  380,20210923,   40,  153,   88,  205, 1465,    0,   76,   24
  380,20210924,   41,  162,  120,  213,  775,    0,   84,   13
  380,20210925,   27,  169,  114,  233, 1471,    0,   76,   25
  380,20210926,   35,  180,  143,  220,  861,    7,   83,   15
  380,20210927,   43,  156,  105,  201,  596,   16,   86,   10
  380,20210928,   30,  133,   94,  181, 1116,    0,   77,   18
  380,20210929,   47,  118,   78,  154,  851,   77,   79,   13
  380,20210930,   46,  109,   64,  147,  896,   -1,   75,   13
  380,20211001,   61,  136,  102,  180, 1144,   30,   71,   18
  380,20211002,   61,  151,  119,  177,  662,   11,   81,   11
  380,20211003,   73,  148,  110,  187,  262,   17,   84,    4
  380,20211004,   47,  133,  110,  174, 1137,    0,   73,   18
  380,20211005,   59,  128,  105,  174,  799,   25,   79,   13
  380,20211006,   58,  113,  102,  127,  351,   15,   88,    5
  380,20211007,   17,  124,   72,  169, 1011,    0,   85,   16
  380,20211008,   26,  110,   49,  173, 1258,    0,   84,   19
  380,20211009,   29,  111,   58,  174, 1231,    0,   81,   19
  380,20211010,   19,   99,   36,  170, 1121,    0,   84,   16
  380,20211011,   20,  116,   93,  146,  592,    6,   87,    9
  380,20211012,   27,   91,   36,  123,  233,   59,   93,    3
  380,20211013,   24,   91,   36,  133,  777,   -1,   89,   11
  380,20211014,   36,  112,   74,  148,  439,    2,   83,    7
  380,20211015,   27,   99,   47,  139,  492,    9,   83,    7
  380,20211016,   12,   73,   21,  139,  990,    0,   82,   13
  380,20211017,   17,   84,   15,  135,  750,    0,   82,   11
  380,20211018,   34,  121,   56,  172,  833,   -1,   76,   13
  380,20211019,   55,  154,  131,  177,  193,   26,   88,    3
  380,20211020,   72,  159,  146,  169,  251,   10,   77,    4
  380,20211021,   69,   94,   42,  152,  393,   61,   82,    6
  380,20211022,   46,   81,   39,  116,  684,    3,   81,   10
  380,20211023,   25,   88,   49,  131,  642,   -1,   87,    9
  380,20211024,   24,   86,   25,  154, 1012,    0,   74,   14
  380,20211025,   42,   99,   61,  130,  354,    3,   82,    5
  380,20211026,   46,  118,   94,  146,  576,   -1,   86,    9
  380,20211027,   47,  122,   79,  165,  814,    0,   84,   13
  380,20211028,   40,  121,   74,  173,  912,    0,   74,   14
  380,20211029,   54,  142,  110,  186,  781,    2,   71,   13
  380,20211030,   51,  130,  100,  151,  263,   13,   83,    4
  380,20211031,   49,  127,   91,  175,  571,   62,   84,    9
  380,20211101,   57,  100,   69,  132,  762,    2,   79,   11
  380,20211102,   35,   70,   34,  107,  381,    4,   87,    5
  380,20211103,   23,   57,   36,   72,  138,   53,   94,    2
  380,20211104,   24,   67,   51,   83,  210,   23,   96,    3
  380,20211105,   23,   79,   48,  111,  441,   -1,   92,    6
  380,20211106,   53,   75,   38,  103,  428,   -1,   83,    6
  380,20211107,   49,   90,   65,  115,  334,    6,   84,    5
  380,20211108,   28,   69,   31,  114,  687,   -1,   86,    9
  380,20211109,   22,   57,   15,  126,  677,    0,   82,    9
  380,20211110,   19,   41,    0,  106,  572,    0,   85,    7
  380,20211111,   21,   42,   -8,  114,  620,    0,   89,    8
  380,20211112,   37,   62,   -2,  115,  618,    0,   80,    8
  380,20211113,   33,   98,   79,  113,  119,   60,   96,    2
  380,20211114,   32,   78,   34,  100,  237,    0,   93,    3
  380,20211115,   33,   62,   32,   71,   82,   -1,   92,    1
  380,20211116,   15,   50,   45,   59,  102,    2,   94,    1
  380,20211117,   36,   63,   36,   91,   97,    6,   95,    1
  380,20211118,   46,   76,   40,  106,  432,    0,   88,    6
  380,20211119,   36,   98,   87,  108,   97,    2,   94,    1
  380,20211120,   28,   85,   66,   97,  106,   -1,   87,    1
  380,20211121,   30,   63,   32,   88,  165,   23,   92,    2
  380,20211122,   43,   32,   -9,   60,  429,    0,   88,    5
  380,20211123,   14,   29,  -23,   55,  204,    1,   96,    2
  380,20211124,   18,   41,   -9,   74,  264,    0,   89,    3
  380,20211125,   25,   24,  -19,   52,  194,   -1,   93,    2
  380,20211126,   59,   36,   16,   53,  191,   22,   88,    2
  380,20211127,   33,   29,    7,   56,  461,    8,   86,    5
  380,20211128,   22,   23,    0,   41,  112,    5,   93,    1
  380,20211129,   33,   22,   -5,   42,  141,    8,   91,    2
  380,20211130,   65,   70,   27,   96,   44,   73,   94,    1
  380,20211201,   67,   72,   46,   88,  104,   57,   89,    1
  380,20211202,   33,   22,   -5,   48,  181,   14,   92,    2
  380,20211203,   64,   30,    7,   42,  206,    1,   85,    2
  380,20211204,   36,   45,   35,   62,  148,  103,   90,    2
  380,20211205,   33,   34,   18,   42,  115,    8,   90,    1
  380,20211206,   39,   29,   15,   51,  263,   60,   89,    3
  380,20211207,   53,   45,   18,   68,  393,   11,   81,    5
  380,20211208,   52,   50,   25,   69,  262,    0,   79,    3
  380,20211209,   48,   31,   14,   44,  108,    2,   88,    1
  380,20211210,   29,   27,    6,   44,  110,   23,   88,    1
  380,20211211,   33,   36,   20,   62,  114,    8,   93,    1
  380,20211212,   53,   69,   38,   91,   76,   32,   94,    1
  380,20211213,   31,   82,   74,   93,  110,    0,   87,    2
  380,20211214,   35,   74,   65,   83,  137,    0,   90,    2
  380,20211215,   30,   82,   74,   91,   64,    8,   95,    1
  380,20211216,   17,   87,   64,  115,  334,    0,   91,    5
  380,20211217,   28,   69,   24,   86,   63,    0,   96,    1
  380,20211218,   29,   57,   32,   65,   82,    0,   96,    1
  380,20211219,   19,   53,   48,   61,   76,    1,   96,    1
  380,20211220,   20,   32,  -23,   62,  177,    0,   86,    2
  380,20211221,   18,  -14,  -50,   32,  468,    0,   86,    5
  380,20211222,   14,  -21,  -60,   22,  455,    0,   84,    4
  380,20211223,   48,   33,  -39,   80,  163,    6,   84,    2
  380,20211224,   40,   81,   65,   94,  131,    3,   90,    2
  380,20211225,   53,   22,    0,   66,   97,  121,   93,    1
  380,20211226,   25,   32,   -3,   63,  156,   20,   92,    2
  380,20211227,   35,   82,   52,  102,  194,    6,   88,    3
  380,20211228,   60,   92,   81,  105,  116,  130,   88,    2
  380,20211229,   47,   98,   82,  127,  113,   43,   91,    2
  380,20211230,   59,  135,  115,  144,  118,   17,   90,    2
  380,20211231,   53,  127,  110,  141,  243,    0,   83,    4
